0 0 1022.00000000 307.00000000
12 0 1030.00000000 299.00000000
24 0 1038.00000000 294.00000000
36 0 1048.00000000 290.00000000
48 0 1056.00000000 286.00000000
60 0 1066.50000000 282.00000000
72 0 1074.50000000 278.00000000
84 0 1084.50000000 274.00000000
96 0 1092.50000000 270.00000000
108 0 1102.50000000 261.00000000
120 0 1108.50000000 257.00000000
132 0 1115.00000000 253.00000000
144 0 1119.00000000 245.00000000
156 0 1125.00000000 240.00000000
168 0 1131.00000000 232.00000000
180 0 1137.00000000 228.00000000
192 0 1143.00000000 224.00000000
204 0 1149.00000000 216.00000000
216 0 1155.00000000 211.00000000
228 0 1161.00000000 203.00000000
0 8 493.50000000 537.50000000
12 8 493.50000000 577.00000000
24 8 493.50000000 618.50000000
36 8 493.50000000 660.00000000
48 8 493.50000000 701.50000000
60 8 489.50000000 739.00000000
72 8 485.50000000 780.50000000
84 8 473.50000000 812.00000000
96 8 463.50000000 845.00000000
108 8 455.00000000 870.00000000
120 8 471.50000000 807.00000000
132 8 487.50000000 747.00000000
144 8 461.50000000 757.50000000
156 8 329.00000000 953.00000000
168 8 284.00000000 957.00000000
180 8 239.50000000 961.50000000
192 8 194.00000000 967.50000000
204 8 149.00000000 971.50000000
216 8 104.50000000 975.50000000
228 8 112.72000000 967.13000000
0 46 795.00000000 1354.00000000
12 46 787.00000000 1349.50000000
24 46 781.00000000 1345.50000000
36 46 774.00000000 1341.50000000
48 46 767.00000000 1341.50000000
60 46 760.00000000 1337.00000000
72 46 756.00000000 1333.00000000
84 46 754.00000000 1329.00000000
96 46 750.00000000 1324.50000000
108 46 748.00000000 1324.50000000
120 46 746.00000000 1320.50000000
132 46 744.00000000 1316.50000000
144 46 741.50000000 1312.00000000
156 46 737.50000000 1308.00000000
168 46 737.50000000 1304.00000000
180 46 739.50000000 1291.50000000
192 46 744.00000000 1283.00000000
204 46 746.00000000 1270.50000000
216 46 750.00000000 1262.50000000
228 46 752.00000000 1250.00000000
0 26 716.50000000 1868.50000000
12 26 716.50000000 1868.50000000
24 26 716.50000000 1868.50000000
36 26 716.50000000 1868.50000000
48 26 716.50000000 1868.50000000
60 26 716.50000000 1868.50000000
72 26 716.50000000 1868.50000000
84 26 716.50000000 1868.50000000
96 26 716.50000000 1868.50000000
108 26 716.50000000 1868.50000000
120 26 716.50000000 1868.50000000
132 26 716.50000000 1868.50000000
144 26 716.50000000 1868.50000000
156 26 716.50000000 1868.50000000
168 26 716.50000000 1868.50000000
180 26 716.50000000 1868.50000000
192 26 716.50000000 1868.50000000
204 26 716.50000000 1868.50000000
216 26 716.50000000 1868.50000000
228 26 716.50000000 1868.50000000
72 35 348.50000000 352.50000000
84 35 318.00000000 361.00000000
96 35 288.00000000 369.00000000
108 35 257.50000000 377.50000000
120 35 227.50000000 386.00000000
132 35 197.00000000 394.00000000
144 35 167.00000000 402.50000000
156 35 57.00000000 394.00000000
168 35 17.00000000 390.00000000
180 35 17.00000000 390.00000000
192 35 17.00000000 390.00000000
204 35 31.47000000 388.40000000
216 35 47.27000000 386.66000000
228 35 63.06000000 384.91000000
240 35 78.85000000 383.17000000
252 35 94.64000000 381.42000000
264 35 110.43000000 379.68000000
276 35 126.22000000 377.94000000
288 35 142.01000000 376.19000000
300 35 157.80000000 374.45000000
216 52 1183.00000000 1121.50000000
228 52 1195.50000000 1125.50000000
240 52 1207.50000000 1125.50000000
252 52 1223.50000000 1117.00000000
264 52 1242.00000000 1108.50000000
276 52 1258.00000000 1108.50000000
288 52 1274.00000000 1108.50000000
300 52 1284.00000000 1108.50000000
312 52 1284.00000000 1108.50000000
324 52 1284.00000000 1108.50000000
336 52 1284.00000000 1108.50000000
348 52 1284.00000000 1108.50000000
360 52 1284.00000000 1108.50000000
372 52 1284.00000000 1108.50000000
384 52 1284.00000000 1108.50000000
396 52 1284.00000000 1108.50000000
408 52 1284.00000000 1108.50000000
420 52 1284.00000000 1108.50000000
432 52 1284.00000000 1108.50000000
444 52 1284.00000000 1108.50000000
