0 2 810.00000000 781.00000000
12 2 811.00000000 773.00000000
24 2 816.00000000 777.00000000
36 2 827.00000000 787.00000000
48 2 839.00000000 785.00000000
60 2 852.00000000 787.00000000
72 2 837.00000000 822.00000000
84 2 854.00000000 807.50000000
96 2 851.00000000 859.00000000
108 2 871.00000000 822.00000000
120 2 884.00000000 828.00000000
132 2 884.00000000 828.00000000
144 2 886.00000000 830.00000000
156 2 888.00000000 832.00000000
168 2 890.00000000 834.00000000
180 2 890.00000000 838.50000000
192 2 875.00000000 824.00000000
204 2 877.00000000 824.00000000
216 2 879.00000000 824.00000000
228 2 881.00000000 824.00000000
0 4 273.00000000 523.50000000
12 4 259.00000000 517.50000000
24 4 245.00000000 513.50000000
36 4 231.00000000 513.50000000
48 4 217.00000000 513.50000000
60 4 213.00000000 513.50000000
72 4 207.00000000 509.50000000
84 4 187.00000000 509.50000000
96 4 167.00000000 513.50000000
108 4 147.00000000 517.50000000
120 4 133.00000000 517.50000000
132 4 119.00000000 517.50000000
144 4 107.00000000 513.50000000
156 4 93.00000000 509.50000000
168 4 81.00000000 505.50000000
180 4 67.00000000 505.50000000
192 4 54.00000000 505.50000000
204 4 42.00000000 505.50000000
216 4 29.00000000 505.50000000
228 4 35.97000000 505.69000000
0 5 384.50000000 552.50000000
12 5 390.50000000 552.50000000
24 5 400.00000000 552.50000000
36 5 406.00000000 550.50000000
48 5 412.00000000 550.50000000
60 5 418.00000000 550.50000000
72 5 424.00000000 550.50000000
84 5 428.00000000 550.50000000
96 5 432.00000000 554.50000000
108 5 436.00000000 558.50000000
120 5 432.00000000 562.50000000
132 5 416.00000000 562.50000000
144 5 400.00000000 562.50000000
156 5 398.00000000 562.50000000
168 5 400.00000000 562.50000000
180 5 400.00000000 562.50000000
192 5 402.00000000 562.50000000
204 5 402.00000000 562.50000000
216 5 404.00000000 562.50000000
228 5 406.00000000 558.50000000
0 6 51.00000000 564.50000000
12 6 51.00000000 564.50000000
24 6 51.00000000 564.50000000
36 6 51.00000000 564.50000000
48 6 51.00000000 564.50000000
60 6 51.00000000 564.50000000
72 6 51.00000000 564.50000000
84 6 51.00000000 564.50000000
96 6 51.00000000 564.50000000
108 6 51.00000000 564.50000000
120 6 51.00000000 564.50000000
132 6 51.00000000 564.50000000
144 6 51.00000000 564.50000000
156 6 51.00000000 564.50000000
168 6 51.00000000 564.50000000
180 6 51.00000000 564.50000000
192 6 51.00000000 564.50000000
204 6 51.00000000 564.50000000
216 6 51.00000000 564.50000000
228 6 51.00000000 564.50000000
0 7 98.00000000 881.50000000
12 7 127.00000000 877.00000000
24 7 159.00000000 868.50000000
36 7 191.00000000 864.50000000
48 7 229.00000000 856.50000000
60 7 263.00000000 852.50000000
72 7 287.00000000 852.50000000
84 7 330.50000000 844.50000000
96 7 362.50000000 848.50000000
108 7 394.00000000 844.50000000
120 7 424.00000000 819.50000000
132 7 454.00000000 803.50000000
144 7 462.00000000 779.00000000
156 7 480.00000000 775.00000000
168 7 496.00000000 746.50000000
180 7 512.00000000 717.50000000
192 7 532.00000000 681.50000000
204 7 550.00000000 648.50000000
216 7 552.00000000 615.50000000
228 7 564.00000000 583.50000000
0 10 446.00000000 574.50000000
12 10 448.00000000 579.00000000
24 10 451.00000000 593.50000000
36 10 453.00000000 603.50000000
48 10 453.00000000 612.00000000
60 10 452.00000000 618.00000000
72 10 452.00000000 624.00000000
84 10 452.00000000 620.00000000
96 10 452.00000000 608.00000000
108 10 452.00000000 599.00000000
120 10 452.00000000 595.00000000
132 10 452.00000000 604.00000000
144 10 452.00000000 608.00000000
156 10 452.00000000 612.00000000
168 10 452.00000000 620.00000000
180 10 452.00000000 624.00000000
192 10 452.00000000 632.00000000
204 10 450.00000000 636.00000000
216 10 450.00000000 636.00000000
228 10 450.00000000 636.00000000
0 11 645.00000000 1434.00000000
12 11 643.00000000 1430.00000000
24 11 628.00000000 1426.00000000
36 11 614.00000000 1419.50000000
48 11 598.00000000 1419.50000000
60 11 584.00000000 1419.50000000
72 11 586.00000000 1415.50000000
84 11 588.00000000 1415.50000000
96 11 590.00000000 1411.50000000
108 11 592.00000000 1411.50000000
120 11 594.00000000 1407.50000000
132 11 596.00000000 1403.50000000
144 11 598.00000000 1403.50000000
156 11 600.00000000 1399.50000000
168 11 602.00000000 1399.50000000
180 11 604.00000000 1399.50000000
192 11 595.00000000 1407.50000000
204 11 586.00000000 1415.50000000
216 11 576.00000000 1419.50000000
228 11 567.00000000 1428.00000000
0 12 688.00000000 1425.50000000
12 12 686.00000000 1425.50000000
24 12 674.00000000 1425.50000000
36 12 660.00000000 1428.00000000
48 12 650.00000000 1432.00000000
60 12 640.00000000 1432.00000000
72 12 632.00000000 1432.00000000
84 12 626.00000000 1432.00000000
96 12 622.00000000 1432.00000000
108 12 616.00000000 1432.00000000
120 12 612.00000000 1432.00000000
132 12 607.00000000 1432.00000000
144 12 602.00000000 1432.00000000
156 12 597.00000000 1432.00000000
168 12 591.00000000 1432.00000000
180 12 587.00000000 1432.00000000
192 12 581.00000000 1432.00000000
204 12 577.00000000 1432.00000000
216 12 571.00000000 1432.00000000
228 12 567.00000000 1432.00000000
0 14 719.50000000 1674.50000000
12 14 719.50000000 1658.50000000
24 14 719.50000000 1646.50000000
36 14 719.50000000 1629.50000000
48 14 719.50000000 1617.50000000
60 14 719.50000000 1601.50000000
72 14 719.50000000 1589.50000000
84 14 721.50000000 1572.50000000
96 14 725.50000000 1560.50000000
108 14 729.50000000 1544.50000000
120 14 731.50000000 1532.00000000
132 14 727.50000000 1523.50000000
144 14 729.50000000 1507.50000000
156 14 731.50000000 1487.50000000
168 14 737.00000000 1470.50000000
180 14 743.00000000 1456.50000000
192 14 751.00000000 1454.50000000
204 14 762.00000000 1446.50000000
216 14 776.00000000 1438.50000000
228 14 790.00000000 1425.50000000
0 15 739.00000000 1293.50000000
12 15 793.00000000 1281.50000000
24 15 829.00000000 1268.50000000
36 15 877.00000000 1248.50000000
48 15 923.00000000 1232.50000000
60 15 967.00000000 1211.50000000
72 15 1011.00000000 1195.50000000
84 15 1053.00000000 1191.50000000
96 15 1096.50000000 1187.50000000
108 15 1142.00000000 1183.50000000
120 15 1190.00000000 1178.50000000
132 15 1238.00000000 1178.50000000
144 15 1288.00000000 1166.50000000
156 15 1340.00000000 1154.50000000
168 15 1390.00000000 1154.50000000
180 15 1385.32000000 1158.81000000
192 15 1354.29000000 1165.28000000
204 15 1323.27000000 1171.74000000
216 15 1292.25000000 1178.21000000
228 15 1261.22000000 1184.67000000
0 16 118.00000000 1264.50000000
12 16 130.00000000 1260.50000000
24 16 142.00000000 1256.50000000
36 16 156.00000000 1252.50000000
48 16 168.00000000 1252.50000000
60 16 184.00000000 1248.50000000
72 16 198.00000000 1248.50000000
84 16 214.00000000 1248.50000000
96 16 228.00000000 1244.50000000
108 16 242.00000000 1244.50000000
120 16 258.00000000 1244.50000000
132 16 272.00000000 1240.50000000
144 16 288.00000000 1240.50000000
156 16 302.00000000 1240.50000000
168 16 316.00000000 1240.50000000
180 16 330.00000000 1240.50000000
192 16 343.50000000 1240.50000000
204 16 357.50000000 1240.50000000
216 16 371.50000000 1240.50000000
228 16 385.50000000 1240.50000000
0 26 820.00000000 1362.50000000
12 26 809.00000000 1364.50000000
24 26 799.00000000 1368.50000000
36 26 789.00000000 1374.50000000
48 26 779.00000000 1376.50000000
60 26 770.00000000 1381.00000000
72 26 760.00000000 1381.00000000
84 26 750.00000000 1381.00000000
96 26 738.00000000 1385.50000000
108 26 728.50000000 1389.50000000
120 26 718.50000000 1393.50000000
132 26 707.00000000 1389.50000000
144 26 695.00000000 1389.50000000
156 26 685.00000000 1385.50000000
168 26 673.00000000 1385.50000000
180 26 663.00000000 1385.50000000
192 26 653.00000000 1385.50000000
204 26 643.00000000 1389.50000000
216 26 633.00000000 1389.50000000
228 26 621.00000000 1389.50000000
0 27 780.00000000 1423.50000000
12 27 772.00000000 1423.50000000
24 27 764.00000000 1428.00000000
36 27 758.00000000 1432.00000000
48 27 750.00000000 1436.50000000
60 27 742.00000000 1444.50000000
72 27 732.00000000 1448.50000000
84 27 724.50000000 1448.50000000
96 27 714.50000000 1444.50000000
108 27 705.00000000 1440.50000000
120 27 695.00000000 1440.50000000
132 27 684.00000000 1440.50000000
144 27 674.00000000 1440.50000000
156 27 665.00000000 1442.50000000
168 27 654.00000000 1442.50000000
180 27 646.00000000 1440.50000000
192 27 636.00000000 1440.50000000
204 27 626.00000000 1436.50000000
216 27 618.00000000 1436.50000000
228 27 608.00000000 1436.50000000
0 28 750.00000000 1393.50000000
12 28 742.00000000 1393.50000000
24 28 734.00000000 1397.50000000
36 28 728.50000000 1401.50000000
48 28 720.50000000 1405.50000000
60 28 707.00000000 1401.50000000
72 28 691.00000000 1389.50000000
84 28 677.00000000 1385.50000000
96 28 671.00000000 1389.50000000
108 28 663.00000000 1393.50000000
120 28 657.00000000 1401.50000000
132 28 645.00000000 1397.50000000
144 28 635.00000000 1393.50000000
156 28 625.00000000 1389.50000000
168 28 615.00000000 1385.50000000
180 28 607.00000000 1389.50000000
192 28 597.00000000 1393.50000000
204 28 589.00000000 1401.50000000
216 28 581.00000000 1409.50000000
228 28 571.00000000 1413.50000000
144 30 890.00000000 1309.50000000
156 30 874.00000000 1313.50000000
168 30 860.00000000 1317.50000000
180 30 848.00000000 1321.50000000
192 30 834.00000000 1330.00000000
204 30 820.00000000 1338.50000000
216 30 806.00000000 1350.50000000
228 30 790.00000000 1358.50000000
240 30 774.00000000 1370.50000000
252 30 758.00000000 1370.50000000
264 30 740.00000000 1370.50000000
276 30 722.50000000 1370.50000000
288 30 706.50000000 1378.50000000
300 30 693.00000000 1383.50000000
312 30 677.00000000 1387.50000000
324 30 661.00000000 1391.50000000
336 30 647.00000000 1395.50000000
348 30 633.00000000 1399.50000000
360 30 615.00000000 1399.50000000
372 30 599.00000000 1399.50000000
156 17 503.00000000 1383.50000000
168 17 511.00000000 1378.50000000
180 17 517.00000000 1374.50000000
192 17 517.00000000 1362.50000000
204 17 515.00000000 1350.50000000
216 17 515.00000000 1342.50000000
228 17 515.00000000 1346.50000000
240 17 515.00000000 1350.50000000
252 17 517.00000000 1350.50000000
264 17 517.00000000 1354.50000000
276 17 513.00000000 1358.50000000
288 17 507.00000000 1362.50000000
300 17 501.00000000 1366.50000000
312 17 497.00000000 1366.50000000
324 17 491.00000000 1362.50000000
336 17 487.00000000 1362.50000000
348 17 493.00000000 1374.50000000
360 17 499.00000000 1383.50000000
372 17 499.00000000 1383.50000000
384 17 499.00000000 1383.50000000
