0 109 297.50000000 918.00000000
12 109 290.50000000 906.00000000
24 109 285.00000000 893.50000000
36 109 279.00000000 883.00000000
48 109 272.50000000 871.00000000
60 109 267.50000000 863.00000000
72 109 261.50000000 850.00000000
84 109 255.50000000 840.00000000
96 109 249.50000000 828.00000000
108 109 244.50000000 817.50000000
120 109 237.50000000 807.00000000
132 109 232.50000000 797.00000000
144 109 226.50000000 784.50000000
156 109 220.50000000 774.00000000
168 109 214.50000000 762.00000000
180 109 209.50000000 754.00000000
192 109 209.50000000 745.50000000
204 109 210.50000000 737.00000000
216 109 210.50000000 725.00000000
228 109 210.50000000 720.50000000
0 116 571.00000000 939.00000000
12 116 584.00000000 939.00000000
24 116 598.50000000 939.00000000
36 116 611.50000000 943.00000000
48 116 626.00000000 943.00000000
60 116 640.00000000 947.00000000
72 116 654.00000000 947.00000000
84 116 667.50000000 949.00000000
96 116 681.00000000 951.00000000
108 116 696.00000000 953.00000000
120 116 710.00000000 955.00000000
132 116 723.50000000 957.00000000
144 116 737.50000000 959.00000000
156 116 752.00000000 961.00000000
168 116 765.00000000 961.00000000
180 116 780.00000000 965.50000000
192 116 793.50000000 965.50000000
204 116 807.50000000 967.50000000
216 116 822.00000000 969.50000000
228 116 835.00000000 969.50000000
48 17 1287.00000000 764.00000000
60 17 1273.00000000 752.00000000
72 17 1258.50000000 752.00000000
84 17 1245.50000000 752.00000000
96 17 1232.50000000 752.00000000
108 17 1219.50000000 752.00000000
120 17 1206.50000000 752.00000000
132 17 1192.00000000 752.00000000
144 17 1179.50000000 752.00000000
156 17 1166.50000000 747.50000000
168 17 1153.50000000 747.50000000
180 17 1140.50000000 747.50000000
192 17 1125.50000000 747.50000000
204 17 1112.50000000 747.50000000
216 17 1100.00000000 747.50000000
228 17 1087.50000000 747.50000000
240 17 1074.50000000 747.50000000
252 17 1059.50000000 743.50000000
264 17 1044.50000000 743.50000000
276 17 1031.50000000 743.50000000
156 111 1218.50000000 1163.00000000
168 111 1222.50000000 1150.00000000
180 111 1226.50000000 1138.00000000
192 111 1227.50000000 1126.00000000
204 111 1231.50000000 1113.00000000
216 111 1233.50000000 1101.00000000
228 111 1237.50000000 1089.00000000
240 111 1240.50000000 1076.00000000
252 111 1242.50000000 1060.00000000
264 111 1246.50000000 1048.00000000
276 111 1248.50000000 1035.00000000
288 111 1251.50000000 1023.00000000
300 111 1255.50000000 1011.00000000
312 111 1257.50000000 998.00000000
324 111 1261.00000000 986.00000000
336 111 1266.50000000 974.00000000
348 111 1275.50000000 961.00000000
360 111 1284.50000000 949.00000000
372 111 1292.50000000 937.00000000
384 111 1297.50000000 928.00000000
240 110 210.50000000 720.50000000
252 110 210.50000000 720.50000000
264 110 210.50000000 720.50000000
276 110 210.50000000 720.50000000
288 110 210.50000000 720.50000000
300 110 210.50000000 720.50000000
312 110 210.50000000 720.50000000
324 110 210.50000000 720.50000000
336 110 210.50000000 720.50000000
348 110 210.50000000 720.50000000
360 110 210.50000000 720.50000000
372 110 210.50000000 720.50000000
384 110 210.50000000 720.50000000
396 110 210.50000000 720.50000000
408 110 210.50000000 720.50000000
420 110 210.50000000 720.50000000
432 110 210.50000000 720.50000000
444 110 210.50000000 720.50000000
456 110 210.50000000 720.50000000
468 110 210.50000000 720.50000000
240 117 849.50000000 974.00000000
252 117 864.50000000 974.00000000
264 117 879.00000000 978.00000000
276 117 894.00000000 978.00000000
288 117 907.00000000 978.00000000
300 117 921.50000000 982.00000000
312 117 936.00000000 982.00000000
324 117 951.00000000 982.00000000
336 117 965.50000000 986.00000000
348 117 980.50000000 986.00000000
360 117 993.00000000 986.00000000
372 117 1008.00000000 990.00000000
384 117 1022.50000000 990.00000000
396 117 1037.50000000 994.00000000
408 117 1052.00000000 994.00000000
420 117 1067.00000000 994.00000000
432 117 1081.50000000 998.00000000
444 117 1094.50000000 998.00000000
456 117 1109.00000000 998.00000000
468 117 1122.00000000 998.00000000
264 114 22.50000000 791.00000000
276 114 37.00000000 791.00000000
288 114 50.00000000 791.00000000
300 114 63.00000000 791.00000000
312 114 78.00000000 795.00000000
324 114 90.50000000 795.00000000
336 114 103.50000000 795.00000000
348 114 118.00000000 799.00000000
360 114 131.00000000 799.00000000
372 114 144.00000000 799.00000000
384 114 158.50000000 803.00000000
396 114 171.50000000 803.00000000
408 114 184.50000000 803.00000000
420 114 197.50000000 803.00000000
432 114 212.00000000 807.00000000
444 114 225.00000000 807.00000000
456 114 238.00000000 807.00000000
468 114 251.00000000 807.00000000
480 114 263.50000000 807.00000000
492 114 276.50000000 803.00000000
288 18 1017.50000000 743.50000000
300 18 1004.50000000 743.50000000
312 18 989.50000000 743.50000000
324 18 974.50000000 743.50000000
336 18 962.00000000 743.50000000
348 18 947.50000000 743.50000000
360 18 934.50000000 743.50000000
372 18 919.50000000 743.50000000
384 18 906.50000000 743.50000000
396 18 892.00000000 743.50000000
408 18 877.50000000 743.50000000
420 18 864.50000000 743.50000000
432 18 849.50000000 739.00000000
444 18 835.00000000 739.00000000
456 18 820.50000000 739.00000000
468 18 807.50000000 739.00000000
480 18 792.50000000 739.00000000
492 18 778.00000000 739.00000000
504 18 763.50000000 739.00000000
516 18 748.50000000 741.00000000
312 8 1293.00000000 756.00000000
324 8 1278.50000000 756.00000000
336 8 1263.50000000 756.00000000
348 8 1251.00000000 756.00000000
360 8 1236.00000000 756.00000000
372 8 1221.50000000 756.00000000
384 8 1206.50000000 756.00000000
396 8 1194.00000000 752.00000000
408 8 1179.00000000 752.00000000
420 8 1164.50000000 752.00000000
432 8 1149.50000000 752.00000000
444 8 1135.00000000 752.00000000
456 8 1122.00000000 752.00000000
468 8 1107.50000000 752.00000000
480 8 1092.50000000 752.00000000
492 8 1078.00000000 752.00000000
504 8 1063.00000000 752.00000000
516 8 1047.50000000 752.00000000
528 8 1032.00000000 752.00000000
540 8 1017.00000000 752.00000000
504 115 289.50000000 799.00000000
516 115 300.50000000 797.00000000
528 115 311.50000000 793.00000000
540 115 323.50000000 790.50000000
552 115 334.50000000 786.50000000
564 115 346.50000000 784.50000000
576 115 358.50000000 780.50000000
588 115 369.50000000 776.50000000
600 115 381.50000000 774.50000000
612 115 392.50000000 770.50000000
624 115 404.50000000 768.50000000
636 115 415.50000000 764.00000000
648 115 426.50000000 761.50000000
660 115 439.50000000 753.50000000
672 115 452.50000000 745.50000000
684 115 465.50000000 737.50000000
696 115 476.50000000 729.50000000
708 115 489.00000000 720.50000000
720 115 501.50000000 712.50000000
732 115 514.50000000 704.50000000
516 118 1313.00000000 1018.50000000
528 118 1273.00000000 998.50000000
540 118 1238.00000000 998.50000000
552 118 1203.00000000 998.50000000
564 118 1168.00000000 998.50000000
576 118 1135.00000000 998.50000000
588 118 1100.00000000 998.50000000
600 118 1065.00000000 998.50000000
612 118 1030.00000000 998.50000000
624 118 995.00000000 998.50000000
636 118 960.00000000 998.50000000
648 118 925.00000000 998.50000000
660 118 892.00000000 998.50000000
672 118 849.50000000 994.00000000
684 118 809.00000000 994.00000000
696 118 769.00000000 994.00000000
708 118 728.00000000 994.00000000
720 118 688.00000000 990.00000000
732 118 647.50000000 990.00000000
744 118 607.00000000 990.00000000
528 19 733.50000000 741.00000000
540 19 719.00000000 745.50000000
552 19 703.50000000 748.00000000
564 19 688.50000000 752.00000000
576 19 673.50000000 754.00000000
588 19 659.50000000 754.00000000
600 19 644.50000000 758.00000000
612 19 629.50000000 760.00000000
624 19 615.50000000 764.00000000
636 19 600.50000000 766.00000000
648 19 585.50000000 766.00000000
660 19 570.50000000 770.00000000
672 19 556.50000000 774.00000000
684 19 543.50000000 774.00000000
696 19 528.50000000 778.50000000
708 19 515.50000000 778.50000000
720 19 500.50000000 782.50000000
732 19 486.50000000 786.50000000
744 19 473.50000000 786.50000000
756 19 458.50000000 786.50000000
552 9 1001.50000000 752.00000000
564 9 987.00000000 752.00000000
576 9 972.00000000 754.00000000
588 9 956.50000000 754.00000000
600 9 942.00000000 754.00000000
612 9 926.00000000 754.00000000
624 9 911.50000000 754.00000000
636 9 896.00000000 754.00000000
648 9 881.00000000 754.00000000
660 9 866.00000000 754.00000000
672 9 851.50000000 754.00000000
684 9 837.00000000 754.00000000
696 9 822.00000000 750.00000000
708 9 807.50000000 750.00000000
720 9 793.00000000 750.00000000
732 9 778.00000000 750.00000000
744 9 763.00000000 750.00000000
756 9 750.00000000 750.00000000
768 9 735.50000000 750.00000000
780 9 721.00000000 750.00000000
720 12 18.00000000 793.00000000
732 12 27.00000000 797.00000000
744 12 38.00000000 805.00000000
756 12 49.00000000 817.50000000
768 12 60.00000000 826.00000000
780 12 71.00000000 834.00000000
792 12 82.00000000 842.00000000
804 12 95.00000000 842.00000000
816 12 106.00000000 842.00000000
828 12 119.00000000 846.00000000
840 12 132.00000000 846.00000000
852 12 145.00000000 846.00000000
864 12 156.00000000 850.00000000
876 12 169.00000000 850.00000000
888 12 182.00000000 850.00000000
900 12 194.50000000 854.50000000
912 12 205.50000000 854.50000000
924 12 218.50000000 854.50000000
936 12 231.00000000 858.50000000
948 12 242.50000000 858.50000000
768 20 445.50000000 786.50000000
780 20 432.50000000 786.50000000
792 20 418.50000000 791.00000000
804 20 403.50000000 791.00000000
816 20 390.50000000 791.00000000
828 20 375.50000000 795.00000000
840 20 361.50000000 795.00000000
852 20 346.50000000 799.00000000
864 20 333.50000000 799.00000000
876 20 318.50000000 799.00000000
888 20 304.50000000 803.00000000
900 20 289.50000000 803.00000000
912 20 274.50000000 807.00000000
924 20 261.50000000 807.00000000
936 20 247.50000000 807.00000000
948 20 232.50000000 811.00000000
960 20 217.50000000 811.00000000
972 20 204.50000000 815.50000000
984 20 189.50000000 815.50000000
996 20 175.50000000 815.50000000
792 10 706.00000000 750.00000000
804 10 691.50000000 750.00000000
816 10 678.50000000 750.00000000
828 10 664.00000000 750.00000000
840 10 649.00000000 750.00000000
852 10 634.50000000 750.00000000
864 10 621.50000000 750.00000000
876 10 607.00000000 750.00000000
888 10 592.00000000 750.00000000
900 10 577.00000000 750.00000000
912 10 563.00000000 750.00000000
924 10 550.00000000 750.00000000
936 10 535.00000000 750.00000000
948 10 520.00000000 750.00000000
960 10 505.50000000 750.00000000
972 10 493.00000000 750.00000000
984 10 478.00000000 750.00000000
996 10 463.00000000 750.00000000
1008 10 448.50000000 752.00000000
1020 10 434.00000000 758.00000000
792 14 12.50000000 830.00000000
804 14 25.00000000 830.00000000
816 14 36.50000000 830.00000000
828 14 49.00000000 834.00000000
840 14 60.00000000 834.00000000
852 14 73.00000000 838.00000000
864 14 84.00000000 838.00000000
876 14 97.00000000 842.00000000
888 14 108.00000000 842.00000000
900 14 121.00000000 846.00000000
912 14 134.00000000 846.00000000
924 14 145.00000000 850.00000000
936 14 158.00000000 850.00000000
948 14 169.00000000 854.50000000
960 14 181.50000000 854.50000000
972 14 193.00000000 854.50000000
984 14 205.50000000 858.50000000
996 14 216.50000000 858.50000000
1008 14 228.50000000 863.00000000
1020 14 241.00000000 865.00000000
960 13 255.00000000 858.50000000
972 13 268.00000000 863.00000000
984 13 281.00000000 863.00000000
996 13 292.00000000 863.00000000
1008 13 307.00000000 865.00000000
1020 13 320.00000000 862.50000000
1032 13 334.50000000 858.50000000
1044 13 347.00000000 856.50000000
1056 13 362.00000000 854.50000000
1068 13 375.00000000 852.50000000
1080 13 390.00000000 850.50000000
1092 13 401.00000000 850.50000000
1104 13 413.50000000 850.50000000
1116 13 426.50000000 854.50000000
1128 13 439.00000000 854.50000000
1140 13 452.00000000 858.50000000
1152 13 465.00000000 858.50000000
1164 13 476.00000000 862.50000000
1176 13 489.00000000 862.50000000
1188 13 502.00000000 866.50000000
996 21 546.50000000 1154.50000000
1008 21 533.00000000 1154.50000000
1020 21 522.00000000 1154.50000000
1032 21 513.00000000 1154.50000000
1044 21 502.00000000 1154.50000000
1056 21 491.00000000 1154.50000000
1068 21 476.00000000 1158.50000000
1080 21 459.50000000 1158.50000000
1092 21 441.00000000 1158.50000000
1104 21 424.50000000 1158.50000000
1116 21 408.00000000 1158.50000000
1128 21 390.00000000 1158.50000000
1140 21 373.00000000 1158.50000000
1152 21 355.00000000 1158.50000000
1164 21 338.00000000 1158.50000000
1176 21 320.00000000 1162.50000000
1188 21 303.00000000 1162.50000000
1200 21 286.50000000 1162.50000000
1212 21 268.00000000 1162.50000000
1224 21 252.00000000 1162.50000000
996 22 490.50000000 1187.50000000
1008 22 498.50000000 1187.50000000
1020 22 513.00000000 1187.50000000
1032 22 525.50000000 1187.50000000
1044 22 540.50000000 1187.50000000
1056 22 553.50000000 1187.50000000
1068 22 568.50000000 1187.50000000
1080 22 581.00000000 1187.50000000
1092 22 595.50000000 1183.50000000
1104 22 606.50000000 1183.50000000
1116 22 617.50000000 1179.50000000
1128 22 628.50000000 1179.50000000
1140 22 647.50000000 1171.00000000
1152 22 663.50000000 1166.50000000
1164 22 682.50000000 1158.50000000
1176 22 697.00000000 1158.50000000
1188 22 709.50000000 1158.50000000
1200 22 722.50000000 1158.50000000
1212 22 735.50000000 1158.50000000
1224 22 748.50000000 1158.50000000
1032 11 418.50000000 760.00000000
1044 11 402.50000000 766.00000000
1056 11 387.50000000 770.50000000
1068 11 372.00000000 776.50000000
1080 11 358.50000000 782.50000000
1092 11 343.50000000 786.50000000
1104 11 331.00000000 790.50000000
1116 11 318.00000000 794.50000000
1128 11 305.00000000 798.50000000
1140 11 292.00000000 803.50000000
1152 11 278.50000000 807.50000000
1164 11 265.50000000 811.50000000
1176 11 252.50000000 815.50000000
1188 11 237.50000000 819.50000000
1200 11 223.00000000 819.50000000
1212 11 206.50000000 823.50000000
1224 11 191.50000000 823.50000000
1236 11 177.00000000 827.50000000
1248 11 160.50000000 827.50000000
1260 11 145.50000000 827.50000000
1032 15 253.00000000 867.00000000
1044 15 264.50000000 867.00000000
1056 15 276.50000000 869.00000000
1068 15 288.50000000 871.00000000
1080 15 301.50000000 873.00000000
1092 15 312.50000000 873.00000000
1104 15 325.50000000 873.00000000
1116 15 338.50000000 873.00000000
1128 15 351.00000000 873.00000000
1140 15 363.50000000 873.00000000
1152 15 376.50000000 873.00000000
1164 15 387.50000000 873.00000000
1176 15 400.50000000 873.00000000
1188 15 413.50000000 873.00000000
1200 15 426.50000000 873.00000000
1212 15 439.50000000 873.00000000
1224 15 452.50000000 873.00000000
1236 15 465.50000000 873.00000000
1248 15 478.00000000 873.00000000
1260 15 490.50000000 873.00000000
1116 99 1032.50000000 484.50000000
1128 99 1027.50000000 492.50000000
1140 99 1021.50000000 501.00000000
1152 99 1016.50000000 509.50000000
1164 99 1010.50000000 521.50000000
1176 99 1005.50000000 529.50000000
1188 99 992.50000000 533.50000000
1200 99 977.50000000 533.50000000
1212 99 962.50000000 538.00000000
1224 99 948.50000000 538.00000000
1236 99 933.50000000 538.00000000
1248 99 920.50000000 542.50000000
1260 99 904.00000000 542.50000000
1272 99 887.50000000 538.00000000
1284 99 870.50000000 538.00000000
1296 99 854.50000000 533.50000000
1308 99 839.50000000 533.50000000
1320 99 824.50000000 533.50000000
1332 99 810.50000000 533.50000000
1344 99 797.50000000 533.50000000
1236 23 761.50000000 1158.50000000
1248 23 776.50000000 1158.50000000
1260 23 789.00000000 1158.50000000
1272 23 801.50000000 1158.50000000
1284 23 814.50000000 1158.50000000
1296 23 827.50000000 1158.50000000
1308 23 840.50000000 1158.50000000
1320 23 853.50000000 1158.50000000
1332 23 866.50000000 1158.50000000
1344 23 879.50000000 1158.50000000
1356 23 892.00000000 1158.50000000
1368 23 904.50000000 1158.50000000
1380 23 919.50000000 1162.50000000
1392 23 932.50000000 1162.50000000
1404 23 947.50000000 1162.50000000
1416 23 960.50000000 1162.50000000
1428 23 974.50000000 1162.50000000
1440 23 989.50000000 1162.50000000
1452 23 1002.50000000 1162.50000000
1464 23 1017.50000000 1162.50000000
1272 16 503.50000000 873.00000000
1284 16 516.50000000 873.00000000
1296 16 529.50000000 873.00000000
1308 16 542.50000000 873.00000000
1320 16 555.50000000 873.00000000
1332 16 568.50000000 873.00000000
1344 16 581.00000000 873.00000000
1356 16 593.50000000 873.00000000
1368 16 606.50000000 873.00000000
1380 16 619.50000000 873.00000000
1392 16 632.50000000 873.00000000
1404 16 645.50000000 873.00000000
1416 16 654.50000000 877.00000000
1428 16 663.50000000 881.50000000
1440 16 674.50000000 885.50000000
1452 16 689.50000000 877.00000000
1464 16 696.00000000 873.00000000
1476 16 709.50000000 873.00000000
1488 16 722.50000000 873.00000000
1500 16 735.50000000 877.00000000
1560 30 578.50000000 657.50000000
1572 30 565.50000000 665.50000000
1584 30 552.50000000 673.50000000
1596 30 539.50000000 677.50000000
1608 30 526.50000000 685.50000000
1620 30 514.00000000 694.50000000
1632 30 501.00000000 702.50000000
1644 30 488.00000000 710.50000000
1656 30 477.00000000 710.50000000
1668 30 467.50000000 706.50000000
1680 30 458.50000000 702.50000000
1692 30 449.50000000 698.50000000
1704 30 440.50000000 694.50000000
1716 30 431.00000000 690.00000000
1728 30 421.50000000 685.50000000
1740 30 414.44000000 685.49000000
1752 30 414.20000000 685.47000000
1764 30 413.96000000 685.44000000
1776 30 413.72000000 685.41000000
1788 30 413.48000000 685.38000000
1608 86 840.50000000 881.50000000
1620 86 851.50000000 877.00000000
1632 86 862.50000000 873.00000000
1644 86 874.00000000 868.50000000
1656 86 885.00000000 860.50000000
1668 86 896.00000000 856.50000000
1680 86 907.00000000 852.50000000
1692 86 918.00000000 848.50000000
1704 86 929.00000000 844.50000000
1716 86 938.00000000 836.00000000
1728 86 949.00000000 831.50000000
1740 86 960.00000000 827.50000000
1752 86 971.00000000 823.50000000
1764 86 982.00000000 819.50000000
1776 86 993.00000000 815.50000000
1788 86 1006.00000000 811.50000000
1800 86 1019.00000000 811.50000000
1812 86 1030.00000000 807.50000000
1824 86 1043.00000000 803.00000000
1836 86 1054.00000000 803.00000000
1800 31 413.24000000 685.36000000
1812 31 413.00000000 685.33000000
1824 31 412.77000000 685.30000000
1836 31 412.53000000 685.27000000
1848 31 412.29000000 685.24000000
1860 31 412.05000000 685.22000000
1872 31 411.81000000 685.19000000
1884 31 411.57000000 685.16000000
1896 31 411.33000000 685.13000000
1908 31 411.09000000 685.11000000
1920 31 410.85000000 685.08000000
1932 31 410.61000000 685.05000000
1944 31 410.37000000 685.02000000
1956 31 410.13000000 685.00000000
1968 31 409.89000000 684.97000000
1980 31 409.65000000 684.94000000
1992 31 409.42000000 684.91000000
2004 31 409.18000000 684.89000000
2016 31 408.94000000 684.86000000
2028 31 408.70000000 684.83000000
1848 87 1067.00000000 799.00000000
1860 87 1078.00000000 794.50000000
1872 87 1091.00000000 794.50000000
1884 87 1102.00000000 790.50000000
1896 87 1115.00000000 786.50000000
1908 87 1126.00000000 786.50000000
1920 87 1137.00000000 784.50000000
1932 87 1149.00000000 780.50000000
1944 87 1161.00000000 780.50000000
1956 87 1173.00000000 778.50000000
1968 87 1184.00000000 776.50000000
1980 87 1195.00000000 774.50000000
1992 87 1208.00000000 774.50000000
2004 87 1222.00000000 774.50000000
2016 87 1242.00000000 776.50000000
2028 87 1260.00000000 780.50000000
2040 87 1279.50000000 782.50000000
2052 87 1287.63000000 782.35000000
2064 87 1287.84000000 782.10000000
2076 87 1288.06000000 781.85000000
2004 38 168.50000000 840.50000000
2016 38 182.50000000 840.50000000
2028 38 195.50000000 835.50000000
2040 38 209.50000000 833.50000000
2052 38 222.00000000 831.50000000
2064 38 236.00000000 829.50000000
2076 38 251.00000000 827.50000000
2088 38 263.50000000 823.50000000
2100 38 277.50000000 821.50000000
2112 38 290.00000000 819.50000000
2124 38 304.00000000 817.50000000
2136 38 317.00000000 813.50000000
2148 38 331.00000000 813.50000000
2160 38 345.00000000 811.50000000
2172 38 358.00000000 811.50000000
2184 38 373.00000000 811.50000000
2196 38 387.00000000 809.50000000
2208 38 400.50000000 809.50000000
2220 38 414.50000000 807.50000000
2232 38 428.50000000 807.50000000
2028 26 408.00000000 1154.50000000
2040 26 411.50000000 1167.00000000
2052 26 415.50000000 1175.00000000
2064 26 419.50000000 1187.50000000
2076 26 422.50000000 1200.00000000
2088 26 426.50000000 1208.00000000
2100 26 430.50000000 1220.50000000
2112 26 433.50000000 1232.50000000
2124 26 437.50000000 1241.00000000
2136 26 441.50000000 1253.00000000
2148 26 444.50000000 1265.50000000
2160 26 448.50000000 1274.00000000
2172 26 450.50000000 1278.00000000
2184 26 450.50000000 1278.00000000
2196 26 450.50000000 1278.00000000
2208 26 450.50000000 1278.00000000
2220 26 450.50000000 1278.00000000
2232 26 450.50000000 1278.00000000
2244 26 450.50000000 1278.00000000
2256 26 450.50000000 1278.00000000
2040 24 22.50000000 1138.00000000
2052 24 37.50000000 1138.00000000
2064 24 53.50000000 1138.00000000
2076 24 70.50000000 1138.00000000
2088 24 85.00000000 1142.00000000
2100 24 101.50000000 1142.00000000
2112 24 116.50000000 1142.00000000
2124 24 133.00000000 1146.00000000
2136 24 147.50000000 1146.00000000
2148 24 164.50000000 1146.00000000
2160 24 180.50000000 1146.00000000
2172 24 193.50000000 1150.50000000
2184 24 206.50000000 1154.50000000
2196 24 219.50000000 1154.50000000
2208 24 232.50000000 1159.00000000
2220 24 245.50000000 1163.00000000
2232 24 258.00000000 1167.00000000
2244 24 271.00000000 1167.00000000
2256 24 284.00000000 1171.00000000
2268 24 295.00000000 1175.00000000
2040 32 408.46000000 684.80000000
2052 32 408.22000000 684.78000000
2064 32 407.98000000 684.75000000
2076 32 407.74000000 684.72000000
2088 32 407.50000000 684.69000000
2100 32 407.26000000 684.66000000
2112 32 407.02000000 684.64000000
2124 32 406.78000000 684.61000000
2136 32 406.54000000 684.58000000
2148 32 406.31000000 684.55000000
2160 32 406.07000000 684.53000000
2172 32 405.83000000 684.50000000
2184 32 405.59000000 684.47000000
2196 32 405.35000000 684.44000000
2208 32 405.11000000 684.42000000
2220 32 404.87000000 684.39000000
2232 32 404.63000000 684.36000000
2244 32 404.39000000 684.33000000
2256 32 404.15000000 684.31000000
2268 32 403.91000000 684.28000000
2088 88 1288.28000000 781.60000000
2100 88 1288.50000000 781.35000000
2112 88 1288.72000000 781.09000000
2124 88 1288.93000000 780.84000000
2136 88 1289.15000000 780.59000000
2148 88 1289.37000000 780.34000000
2160 88 1289.59000000 780.09000000
2172 88 1289.80000000 779.84000000
2184 88 1290.02000000 779.58000000
2196 88 1290.24000000 779.33000000
2208 88 1290.46000000 779.08000000
2220 88 1290.67000000 778.83000000
2232 88 1290.89000000 778.58000000
2244 88 1291.11000000 778.33000000
2256 88 1291.33000000 778.07000000
2268 88 1291.55000000 777.82000000
2280 88 1291.76000000 777.57000000
2292 88 1291.98000000 777.32000000
2304 88 1292.20000000 777.07000000
2316 88 1292.42000000 776.82000000
2244 39 442.50000000 807.50000000
2256 39 455.50000000 805.00000000
2268 39 470.50000000 805.00000000
2280 39 484.50000000 805.00000000
2292 39 498.00000000 801.00000000
2304 39 513.00000000 801.00000000
2316 39 527.50000000 797.00000000
2328 39 542.50000000 797.00000000
2340 39 555.50000000 792.50000000
2352 39 570.00000000 792.50000000
2364 39 584.50000000 788.50000000
2376 39 599.50000000 788.50000000
2388 39 612.50000000 784.50000000
2400 39 625.00000000 780.50000000
2412 39 638.00000000 776.50000000
2424 39 651.00000000 776.50000000
2436 39 664.00000000 772.50000000
2448 39 676.50000000 768.00000000
2460 39 689.50000000 764.00000000
2472 39 704.50000000 764.00000000
2268 27 450.50000000 1278.00000000
2280 27 450.50000000 1278.00000000
2292 27 450.50000000 1278.00000000
2304 27 450.50000000 1278.00000000
2316 27 450.50000000 1278.00000000
2328 27 450.50000000 1278.00000000
2340 27 450.50000000 1278.00000000
2352 27 450.50000000 1278.00000000
2364 27 450.50000000 1278.00000000
2376 27 450.50000000 1278.00000000
2388 27 450.50000000 1278.00000000
2400 27 450.50000000 1278.00000000
2412 27 450.50000000 1278.00000000
2424 27 450.50000000 1278.00000000
2436 27 450.50000000 1278.00000000
2448 27 450.50000000 1278.00000000
2460 27 450.50000000 1278.00000000
2472 27 450.50000000 1278.00000000
2484 27 450.50000000 1278.00000000
2496 27 450.50000000 1278.00000000
2280 25 307.50000000 1179.00000000
2292 25 320.50000000 1179.00000000
2304 25 339.00000000 1179.00000000
2316 25 357.50000000 1175.00000000
2328 25 377.50000000 1171.00000000
2340 25 396.00000000 1171.00000000
2352 25 416.50000000 1167.00000000
2364 25 434.50000000 1163.00000000
2376 25 453.00000000 1159.00000000
2388 25 466.00000000 1159.00000000
2400 25 480.50000000 1159.00000000
2412 25 493.50000000 1154.50000000
2424 25 506.50000000 1154.50000000
2436 25 521.50000000 1150.50000000
2448 25 534.00000000 1150.50000000
2460 25 549.00000000 1150.50000000
2472 25 565.50000000 1150.50000000
2484 25 582.00000000 1154.50000000
2496 25 600.50000000 1159.00000000
2508 25 617.00000000 1159.00000000
2280 33 403.67000000 684.25000000
2292 33 403.43000000 684.22000000
2304 33 403.19000000 684.20000000
2316 33 402.96000000 684.17000000
2328 33 402.72000000 684.14000000
2340 33 402.48000000 684.11000000
2352 33 402.24000000 684.09000000
2364 33 402.00000000 684.06000000
2376 33 401.76000000 684.03000000
2388 33 401.52000000 684.00000000
2400 33 410.50000000 684.00000000
2412 33 422.00000000 692.00000000
2424 33 433.00000000 696.00000000
2436 33 442.00000000 700.00000000
2448 33 453.00000000 704.50000000
2460 33 464.00000000 708.50000000
2472 33 477.00000000 712.50000000
2484 33 493.50000000 717.00000000
2496 33 510.50000000 725.00000000
2508 33 525.00000000 729.00000000
2328 89 1292.63000000 776.56000000
2340 89 1292.85000000 776.31000000
2352 89 1293.07000000 776.06000000
2364 89 1293.29000000 775.81000000
2376 89 1293.50000000 775.56000000
2388 89 1293.72000000 775.31000000
2400 89 1293.94000000 775.05000000
2412 89 1294.16000000 774.80000000
2424 89 1294.38000000 774.55000000
2436 89 1294.59000000 774.30000000
2448 89 1294.81000000 774.05000000
2460 89 1295.03000000 773.80000000
2472 89 1295.25000000 773.54000000
2484 89 1295.46000000 773.29000000
2496 89 1295.68000000 773.04000000
2508 89 1295.90000000 772.79000000
2520 89 1296.12000000 772.54000000
2532 89 1296.33000000 772.29000000
2544 89 1296.55000000 772.03000000
2556 89 1296.77000000 771.78000000
2484 40 717.00000000 764.00000000
2496 40 732.00000000 764.00000000
2508 40 746.50000000 764.00000000
2520 40 760.50000000 766.00000000
2532 40 775.50000000 766.00000000
2544 40 789.00000000 768.00000000
2556 40 803.50000000 768.00000000
2568 40 816.50000000 770.00000000
2580 40 831.50000000 772.00000000
2592 40 845.50000000 772.00000000
2604 40 859.50000000 774.00000000
2616 40 873.50000000 776.00000000
2628 40 886.50000000 776.00000000
2640 40 899.50000000 776.00000000
2652 40 912.50000000 776.00000000
2664 40 927.00000000 776.00000000
2676 40 939.50000000 776.00000000
2688 40 952.50000000 776.00000000
2700 40 965.50000000 776.00000000
2712 40 978.50000000 776.00000000
2496 36 422.50000000 1137.50000000
2508 36 410.50000000 1105.00000000
2520 36 405.50000000 1080.50000000
2532 36 401.50000000 1060.00000000
2544 36 396.50000000 1035.50000000
2556 36 392.50000000 1015.00000000
2568 36 386.50000000 990.00000000
2580 36 383.50000000 969.50000000
2592 36 377.50000000 945.00000000
2604 36 366.50000000 932.50000000
2616 36 353.50000000 920.00000000
2628 36 342.50000000 904.00000000
2640 36 331.50000000 891.50000000
2652 36 318.50000000 879.00000000
2664 36 307.50000000 862.50000000
2676 36 296.50000000 850.50000000
2688 36 283.50000000 838.00000000
2700 36 274.50000000 821.50000000
2712 36 267.50000000 801.00000000
2724 36 259.50000000 784.50000000
2520 34 539.50000000 731.00000000
2532 34 555.50000000 735.00000000
2544 34 570.00000000 735.50000000
2556 34 585.50000000 739.50000000
2568 34 604.00000000 739.50000000
2580 34 620.50000000 743.50000000
2592 34 637.50000000 747.50000000
2604 34 655.50000000 747.50000000
2616 34 672.00000000 751.50000000
2628 34 688.50000000 751.50000000
2640 34 703.50000000 747.50000000
2652 34 720.00000000 747.50000000
2664 34 736.50000000 743.50000000
2676 34 751.50000000 739.50000000
2688 34 766.00000000 735.50000000
2700 34 771.50000000 727.00000000
2712 34 775.50000000 718.50000000
2724 34 780.50000000 710.50000000
2736 34 786.50000000 702.50000000
2748 34 791.50000000 694.50000000
2568 90 1296.99000000 771.53000000
2580 90 1297.21000000 771.28000000
2592 90 1297.42000000 771.03000000
2604 90 1297.64000000 770.77000000
2616 90 1297.86000000 770.52000000
2628 90 1298.08000000 770.27000000
2640 90 1298.29000000 770.02000000
2652 90 1298.51000000 769.77000000
2664 90 1298.73000000 769.52000000
2676 90 1298.95000000 769.26000000
2688 90 1299.16000000 769.01000000
2700 90 1299.38000000 768.76000000
2712 90 1299.60000000 768.51000000
2724 90 1299.82000000 768.26000000
2736 90 1300.04000000 768.01000000
2748 90 1300.25000000 767.75000000
2760 90 1300.47000000 767.50000000
2772 90 1300.69000000 767.25000000
2784 90 1300.91000000 767.00000000
2796 90 1301.12000000 766.75000000
2724 41 991.50000000 776.00000000
2736 41 1004.50000000 776.00000000
2748 41 1017.50000000 776.00000000
2760 41 1031.50000000 776.00000000
2772 41 1044.50000000 776.00000000
2784 41 1057.50000000 776.00000000
2796 41 1070.50000000 776.00000000
2808 41 1085.50000000 776.00000000
2820 41 1098.50000000 776.00000000
2832 41 1111.00000000 776.00000000
2844 41 1125.50000000 776.00000000
2856 41 1138.50000000 776.00000000
2868 41 1151.50000000 776.00000000
2880 41 1166.50000000 776.00000000
2892 41 1179.50000000 776.00000000
2904 41 1192.00000000 776.00000000
2916 41 1206.50000000 776.00000000
2928 41 1219.50000000 780.00000000
2940 41 1232.50000000 780.00000000
2952 41 1244.50000000 780.00000000
2736 37 254.50000000 764.00000000
2748 37 247.50000000 747.50000000
2760 37 239.50000000 727.00000000
2772 37 232.50000000 706.50000000
2784 37 221.50000000 669.50000000
2796 37 217.50000000 657.00000000
2808 37 217.50000000 657.00000000
2820 37 217.50000000 657.00000000
2832 37 217.50000000 657.00000000
2844 37 217.50000000 657.00000000
2856 37 217.50000000 657.00000000
2868 37 217.50000000 657.00000000
2880 37 217.50000000 657.00000000
2892 37 217.50000000 657.00000000
2904 37 217.50000000 657.00000000
2916 37 217.50000000 657.00000000
2928 37 217.50000000 657.00000000
2940 37 217.50000000 657.00000000
2952 37 217.50000000 657.00000000
2964 37 217.50000000 657.00000000
2760 35 797.50000000 690.00000000
2772 35 797.50000000 690.00000000
2784 35 797.50000000 690.00000000
2796 35 797.50000000 690.00000000
2808 35 797.50000000 690.00000000
2820 35 797.50000000 690.00000000
2832 35 797.50000000 690.00000000
2844 35 797.50000000 690.00000000
2856 35 797.50000000 690.00000000
2868 35 797.50000000 690.00000000
2880 35 797.50000000 690.00000000
2892 35 797.50000000 690.00000000
2904 35 797.50000000 690.00000000
2916 35 797.50000000 690.00000000
2928 35 797.50000000 690.00000000
2940 35 797.50000000 690.00000000
2952 35 797.50000000 690.00000000
2964 35 797.50000000 690.00000000
2976 35 797.50000000 690.00000000
2988 35 797.50000000 690.00000000
2772 42 1092.50000000 1296.50000000
2784 42 1086.50000000 1300.50000000
2796 42 1086.50000000 1308.50000000
2808 42 1086.50000000 1321.00000000
2820 42 1084.50000000 1329.50000000
2832 42 1084.50000000 1337.50000000
2844 42 1084.50000000 1345.50000000
2856 42 1084.50000000 1358.00000000
2868 42 1082.50000000 1366.00000000
2880 42 1082.50000000 1374.50000000
2892 42 1082.50000000 1382.50000000
2904 42 1082.50000000 1395.00000000
2916 42 1080.50000000 1403.00000000
2928 42 1080.50000000 1411.50000000
2940 42 1080.50000000 1419.50000000
2952 42 1078.50000000 1428.00000000
2964 42 1078.50000000 1440.00000000
2976 42 1078.50000000 1448.50000000
2988 42 1078.50000000 1456.50000000
3000 42 1077.00000000 1465.00000000
2808 91 1301.34000000 766.50000000
2820 91 1301.56000000 766.24000000
2832 91 1301.78000000 765.99000000
2844 91 1301.99000000 765.74000000
2856 91 1302.21000000 765.49000000
2868 91 1302.43000000 765.24000000
2880 91 1302.65000000 764.99000000
2892 91 1302.87000000 764.73000000
2904 91 1303.08000000 764.48000000
2916 91 1303.30000000 764.23000000
2928 91 1301.50000000 760.00000000
2940 91 1286.50000000 760.00000000
2952 91 1273.50000000 760.00000000
2964 91 1259.50000000 760.00000000
2976 91 1244.50000000 760.00000000
2988 91 1231.50000000 760.00000000
3000 91 1218.50000000 755.50000000
3012 91 1205.50000000 755.50000000
3024 91 1192.50000000 755.50000000
3036 91 1181.50000000 755.50000000
3048 92 1169.00000000 755.50000000
3060 92 1157.00000000 758.00000000
3072 92 1145.50000000 758.00000000
3084 92 1132.50000000 758.00000000
3096 92 1121.50000000 758.00000000
3108 92 1108.50000000 760.00000000
3120 92 1096.50000000 760.00000000
3132 92 1084.50000000 760.00000000
3144 92 1072.50000000 760.00000000
3156 92 1059.50000000 762.00000000
3168 92 1047.50000000 762.00000000
3180 92 1035.50000000 762.00000000
3192 92 1023.50000000 762.00000000
3204 92 1011.50000000 764.00000000
3216 92 998.50000000 764.00000000
3228 92 987.50000000 764.00000000
3240 92 974.50000000 764.00000000
3252 92 962.00000000 762.00000000
3264 92 949.50000000 762.00000000
3276 92 936.50000000 762.00000000
3108 96 1290.50000000 778.50000000
3120 96 1277.50000000 778.50000000
3132 96 1262.50000000 778.50000000
3144 96 1249.50000000 778.50000000
3156 96 1235.50000000 778.50000000
3168 96 1222.50000000 778.50000000
3180 96 1209.50000000 778.50000000
3192 96 1194.50000000 778.50000000
3204 96 1181.50000000 778.50000000
3216 96 1167.50000000 778.50000000
3228 96 1154.50000000 778.50000000
3240 96 1141.50000000 778.50000000
3252 96 1126.50000000 778.50000000
3264 96 1113.50000000 778.50000000
3276 96 1100.50000000 778.50000000
3288 96 1086.50000000 778.50000000
3300 96 1073.50000000 778.50000000
3312 96 1058.50000000 774.00000000
3324 96 1045.50000000 774.00000000
3336 96 1032.50000000 770.00000000
3168 100 26.00000000 819.50000000
3180 100 37.00000000 819.50000000
3192 100 50.00000000 819.50000000
3204 100 63.00000000 819.50000000
3216 100 74.00000000 823.50000000
3228 100 87.00000000 823.50000000
3240 100 100.00000000 823.50000000
3252 100 113.00000000 827.50000000
3264 100 125.50000000 827.50000000
3276 100 138.50000000 827.50000000
3288 100 151.00000000 827.50000000
3300 100 162.50000000 832.00000000
3312 100 175.00000000 832.00000000
3324 100 188.00000000 832.00000000
3336 100 201.00000000 836.00000000
3348 100 214.00000000 836.00000000
3360 100 227.00000000 836.00000000
3372 100 239.50000000 840.00000000
3384 100 251.00000000 840.00000000
3396 100 263.50000000 840.00000000
3288 93 923.50000000 762.00000000
3300 93 908.50000000 758.00000000
3312 93 895.50000000 758.00000000
3324 93 882.50000000 758.00000000
3336 93 868.50000000 754.00000000
3348 93 855.50000000 754.00000000
3360 93 842.50000000 754.00000000
3372 93 829.50000000 754.00000000
3384 93 814.50000000 750.00000000
3396 93 801.50000000 750.00000000
3408 93 789.00000000 750.00000000
3420 93 776.50000000 745.50000000
3432 93 761.50000000 745.50000000
3444 93 748.50000000 745.50000000
3456 93 735.50000000 745.50000000
3468 93 724.50000000 745.50000000
3480 93 713.50000000 750.00000000
3492 93 702.50000000 750.00000000
3504 93 691.50000000 754.00000000
3516 93 680.50000000 754.00000000
3348 97 1018.50000000 770.00000000
3360 97 1005.50000000 770.00000000
3372 97 992.50000000 766.00000000
3384 97 977.50000000 766.00000000
3396 97 964.50000000 762.00000000
3408 97 951.50000000 762.00000000
3420 97 937.50000000 758.00000000
3432 97 924.50000000 758.00000000
3444 97 911.50000000 758.00000000
3456 97 896.50000000 754.00000000
3468 97 883.50000000 754.00000000
3480 97 870.50000000 749.50000000
3492 97 856.50000000 749.50000000
3504 97 843.50000000 749.50000000
3516 97 829.50000000 749.50000000
3528 97 815.50000000 749.50000000
3540 97 801.50000000 749.50000000
3552 97 788.50000000 749.50000000
3564 97 774.50000000 749.50000000
3576 97 760.50000000 749.50000000
3408 101 276.50000000 840.00000000
3420 101 289.50000000 844.00000000
3432 101 302.00000000 844.00000000
3444 101 315.00000000 844.00000000
3456 101 328.00000000 844.00000000
3468 101 341.00000000 844.00000000
3480 101 354.00000000 844.00000000
3492 101 366.50000000 844.00000000
3504 101 379.50000000 844.00000000
3516 101 392.50000000 844.00000000
3528 101 406.00000000 846.00000000
3540 101 419.00000000 846.00000000
3552 101 433.00000000 848.00000000
3564 101 445.50000000 850.00000000
3576 101 458.50000000 850.00000000
3588 101 472.50000000 852.00000000
3600 101 485.50000000 852.00000000
3612 101 498.50000000 854.00000000
3624 101 512.50000000 856.50000000
3636 101 524.50000000 856.50000000
3528 94 668.50000000 758.00000000
3540 94 656.50000000 760.00000000
3552 94 644.50000000 764.00000000
3564 94 633.50000000 764.00000000
3576 94 620.50000000 766.00000000
3588 94 609.50000000 770.00000000
3600 94 596.50000000 772.00000000
3612 94 585.50000000 774.00000000
3624 94 573.50000000 776.00000000
3636 94 561.50000000 780.50000000
3648 94 549.50000000 782.50000000
3660 94 538.50000000 784.50000000
3672 94 525.50000000 786.50000000
3684 94 514.50000000 791.00000000
3696 94 502.50000000 791.00000000
3708 94 490.00000000 795.00000000
3720 94 479.00000000 797.00000000
3732 94 466.00000000 801.00000000
3744 94 455.00000000 801.00000000
3756 94 442.00000000 801.00000000
3588 98 746.50000000 749.50000000
3600 98 733.00000000 752.00000000
3612 98 718.00000000 752.00000000
3624 98 705.50000000 752.00000000
3636 98 691.50000000 752.00000000
3648 98 677.50000000 754.00000000
3660 98 664.00000000 754.00000000
3672 98 649.00000000 754.00000000
3684 98 636.00000000 754.00000000
3696 98 622.50000000 756.00000000
3708 98 608.50000000 756.00000000
3720 98 595.00000000 756.00000000
3732 98 580.00000000 756.00000000
3744 98 567.00000000 756.00000000
3756 98 552.50000000 756.00000000
3768 98 539.00000000 756.00000000
3780 98 526.00000000 756.00000000
3792 98 511.00000000 756.00000000
3804 98 500.00000000 756.00000000
3816 98 487.00000000 756.00000000
3624 64 1281.50000000 749.50000000
3636 64 1268.50000000 749.50000000
3648 64 1255.50000000 749.50000000
3660 64 1244.50000000 749.50000000
3672 64 1231.50000000 749.50000000
3684 64 1218.50000000 749.50000000
3696 64 1207.50000000 749.50000000
3708 64 1194.50000000 749.50000000
3720 64 1181.50000000 749.50000000
3732 64 1169.00000000 745.50000000
3744 64 1157.50000000 745.50000000
3756 64 1145.50000000 745.50000000
3768 64 1132.50000000 745.50000000
3780 64 1119.50000000 745.50000000
3792 64 1108.50000000 745.50000000
3804 64 1095.50000000 745.50000000
3816 64 1082.50000000 745.50000000
3828 64 1069.50000000 741.50000000
3840 64 1056.50000000 741.50000000
3852 64 1043.50000000 741.50000000
3648 102 539.50000000 858.50000000
3660 102 552.50000000 858.50000000
3672 102 565.50000000 858.50000000
3684 102 578.50000000 863.00000000
3696 102 593.00000000 863.00000000
3708 102 605.50000000 867.00000000
3720 102 618.50000000 867.00000000
3732 102 633.50000000 867.00000000
3744 102 646.50000000 871.00000000
3756 102 659.50000000 871.00000000
3768 102 672.50000000 871.00000000
3780 102 686.50000000 875.00000000
3792 102 699.50000000 875.00000000
3804 102 712.50000000 875.00000000
3816 102 725.50000000 875.00000000
3828 102 738.50000000 875.00000000
3840 102 751.50000000 875.00000000
3852 102 764.50000000 875.00000000
3864 102 777.50000000 875.00000000
3876 102 791.50000000 879.00000000
3768 95 431.00000000 801.00000000
3780 95 418.00000000 801.00000000
3792 95 405.50000000 801.00000000
3804 95 394.50000000 801.00000000
3816 95 381.50000000 801.00000000
3828 95 370.50000000 801.00000000
3840 95 357.50000000 805.00000000
3852 95 344.50000000 805.00000000
3864 95 333.50000000 805.00000000
3876 95 320.50000000 805.00000000
3888 95 309.50000000 805.00000000
3900 95 296.50000000 805.00000000
3912 95 284.00000000 805.00000000
3924 95 272.50000000 805.00000000
3936 95 260.00000000 805.00000000
3948 95 249.00000000 805.00000000
3960 95 236.00000000 809.00000000
3972 95 225.00000000 809.00000000
3984 95 214.00000000 809.00000000
3996 95 203.00000000 809.00000000
3864 65 1030.50000000 741.50000000
3876 65 1018.50000000 741.50000000
3888 65 1003.50000000 737.00000000
3900 65 990.50000000 737.00000000
3912 65 977.50000000 737.00000000
3924 65 964.50000000 737.00000000
3936 65 951.50000000 737.00000000
3948 65 938.50000000 733.00000000
3960 65 924.50000000 733.00000000
3972 65 911.50000000 733.00000000
3984 65 898.50000000 733.00000000
3996 65 885.50000000 733.00000000
4008 65 874.50000000 731.00000000
4020 65 863.50000000 731.00000000
4032 65 852.50000000 729.00000000
4044 65 841.50000000 725.00000000
4056 65 830.50000000 716.50000000
4068 65 817.50000000 716.50000000
4080 65 802.50000000 716.50000000
4092 65 786.50000000 721.00000000
3888 103 802.50000000 875.00000000
3900 103 813.50000000 871.00000000
3912 103 826.50000000 867.00000000
3924 103 837.50000000 863.00000000
3936 103 850.50000000 858.50000000
3948 103 861.50000000 854.50000000
3960 103 874.50000000 850.00000000
3972 103 887.50000000 846.00000000
3984 103 900.50000000 846.00000000
3996 103 913.50000000 846.00000000
4008 103 926.50000000 842.00000000
4020 103 937.50000000 838.00000000
4032 103 949.50000000 836.00000000
4044 103 961.50000000 830.00000000
4056 103 973.00000000 826.00000000
4068 103 984.00000000 822.00000000
4080 103 998.50000000 817.00000000
4092 103 1011.50000000 813.00000000
4104 103 1024.50000000 809.00000000
4116 103 1037.50000000 809.00000000
4104 66 771.50000000 721.00000000
4116 66 756.50000000 721.00000000
4128 66 749.50000000 716.50000000
4140 66 732.50000000 704.50000000
4152 66 712.50000000 684.00000000
4164 66 705.50000000 700.50000000
4176 66 697.50000000 721.00000000
4188 66 685.00000000 729.00000000
4200 66 672.50000000 737.50000000
4212 66 659.50000000 741.50000000
4224 66 648.50000000 737.50000000
4236 66 637.50000000 737.50000000
4248 66 624.50000000 745.50000000
4260 66 611.50000000 749.50000000
4272 66 600.50000000 753.50000000
4284 66 587.50000000 762.00000000
4296 66 576.50000000 766.00000000
4308 66 565.50000000 770.00000000
4320 66 554.50000000 774.50000000
4332 66 539.50000000 778.50000000
4116 69 1294.50000000 752.00000000
4128 69 1277.50000000 743.50000000
4140 69 1261.00000000 739.00000000
4152 69 1244.50000000 739.00000000
4164 69 1224.50000000 735.00000000
4176 69 1202.50000000 731.00000000
4188 69 1187.50000000 727.00000000
4200 69 1172.50000000 723.00000000
4212 69 1157.50000000 719.00000000
4224 69 1134.50000000 719.00000000
4236 69 1113.50000000 723.00000000
4248 69 1100.50000000 727.00000000
4260 69 1086.50000000 727.00000000
4272 69 1067.50000000 731.00000000
4284 69 1049.50000000 731.00000000
4296 69 1029.50000000 731.00000000
4308 69 1008.50000000 731.00000000
4320 69 988.50000000 731.00000000
4332 69 970.50000000 735.00000000
4344 69 953.50000000 739.00000000
4128 104 1046.50000000 809.00000000
4140 104 1057.50000000 801.00000000
4152 104 1072.50000000 793.00000000
4164 104 1083.50000000 793.00000000
4176 104 1094.50000000 793.00000000
4188 104 1109.50000000 789.00000000
4200 104 1122.50000000 780.00000000
4212 104 1135.00000000 776.00000000
4224 104 1147.50000000 772.00000000
4236 104 1157.00000000 772.00000000
4248 104 1155.50000000 780.00000000
4260 104 1153.50000000 789.00000000
4272 104 1193.50000000 764.00000000
4284 104 1206.50000000 764.00000000
4296 104 1219.50000000 764.00000000
4308 104 1232.50000000 764.00000000
4320 104 1247.50000000 764.00000000
4332 104 1256.50000000 760.00000000
4344 104 1267.50000000 760.00000000
4356 104 1282.50000000 764.00000000
4344 67 524.50000000 786.50000000
4356 67 510.50000000 786.50000000
4368 67 497.50000000 786.50000000
4380 67 482.50000000 790.50000000
4392 67 469.50000000 790.50000000
4404 67 454.50000000 795.00000000
4416 67 442.50000000 799.00000000
4428 67 427.50000000 803.00000000
4440 67 414.50000000 807.00000000
4452 67 399.50000000 807.00000000
4464 67 386.50000000 811.50000000
4476 67 372.50000000 815.50000000
4488 67 359.50000000 819.50000000
4500 67 346.50000000 823.50000000
4512 67 334.50000000 836.00000000
4524 67 322.50000000 842.50000000
4536 67 309.50000000 842.50000000
4548 67 297.00000000 842.50000000
4560 67 284.00000000 842.50000000
4572 67 271.00000000 842.50000000
4356 70 937.50000000 735.00000000
4368 70 920.50000000 731.00000000
4380 70 902.50000000 731.00000000
4392 70 883.50000000 731.00000000
4404 70 863.50000000 731.00000000
4416 70 845.50000000 731.00000000
4428 70 826.50000000 731.00000000
4440 70 808.50000000 731.00000000
4452 70 788.50000000 735.00000000
4464 70 769.50000000 735.00000000
4476 70 751.50000000 735.00000000
4488 70 732.50000000 735.00000000
4500 70 714.50000000 739.00000000
4512 70 696.50000000 741.00000000
4524 70 678.50000000 745.50000000
4536 70 662.00000000 750.00000000
4548 70 644.50000000 754.00000000
4560 70 627.00000000 756.00000000
4572 70 609.50000000 760.00000000
4584 70 592.00000000 764.00000000
4440 105 1293.00000000 741.50000000
4452 105 1278.50000000 737.00000000
4464 105 1265.50000000 737.00000000
4476 105 1252.50000000 733.00000000
4488 105 1238.00000000 729.00000000
4500 105 1225.00000000 725.00000000
4512 105 1208.50000000 729.00000000
4524 105 1193.00000000 735.50000000
4536 105 1178.00000000 735.50000000
4548 105 1163.50000000 735.50000000
4560 105 1150.50000000 735.50000000
4572 105 1136.00000000 735.50000000
4584 105 1121.00000000 735.50000000
4596 105 1106.50000000 735.50000000
4608 105 1092.00000000 735.50000000
4620 105 1079.00000000 735.50000000
4632 105 1064.00000000 735.50000000
4644 105 1049.50000000 735.50000000
4656 105 1034.50000000 735.50000000
4668 105 1022.00000000 735.50000000
4584 68 258.00000000 842.50000000
4596 68 247.00000000 842.50000000
4608 68 234.00000000 842.50000000
4620 68 221.00000000 842.50000000
4632 68 208.50000000 842.50000000
4644 68 195.50000000 842.50000000
4656 68 182.50000000 842.50000000
4668 68 170.00000000 838.00000000
4680 68 159.00000000 838.00000000
4692 68 146.50000000 838.00000000
4704 68 134.50000000 835.50000000
4716 68 123.50000000 835.50000000
4728 68 111.50000000 833.50000000
4740 68 100.50000000 833.50000000
4752 68 88.50000000 831.50000000
4764 68 77.50000000 831.50000000
4776 68 65.50000000 829.50000000
4788 68 53.50000000 827.50000000
4800 68 42.50000000 827.50000000
4812 68 31.00000000 827.50000000
4596 71 575.50000000 770.00000000
4608 71 557.00000000 772.00000000
4620 71 540.50000000 776.00000000
4632 71 523.00000000 780.50000000
4644 71 505.50000000 784.50000000
4656 71 489.00000000 786.50000000
4668 71 470.50000000 791.00000000
4680 71 452.00000000 791.00000000
4692 71 434.00000000 791.00000000
4704 71 417.00000000 795.00000000
4716 71 399.00000000 795.00000000
4728 71 380.50000000 799.00000000
4740 71 362.00000000 799.00000000
4752 71 344.00000000 799.00000000
4764 71 325.00000000 803.00000000
4776 71 309.00000000 803.00000000
4788 71 290.00000000 803.00000000
4800 71 272.00000000 807.00000000
4812 71 253.50000000 807.00000000
4824 71 235.00000000 807.00000000
4680 106 1009.00000000 735.50000000
4692 106 994.00000000 735.50000000
4704 106 981.00000000 735.50000000
4716 106 968.50000000 735.50000000
4728 106 955.50000000 735.50000000
4740 106 942.50000000 735.50000000
4752 106 928.00000000 735.50000000
4764 106 915.00000000 735.50000000
4776 106 902.00000000 735.50000000
4788 106 891.00000000 731.00000000
4800 106 878.00000000 727.00000000
4812 106 865.50000000 727.00000000
4824 106 843.00000000 731.00000000
4836 106 827.00000000 735.50000000
4848 106 815.50000000 735.50000000
4860 106 804.50000000 735.50000000
4872 106 793.50000000 735.50000000
4884 106 782.50000000 735.50000000
4896 106 769.50000000 731.00000000
4908 106 755.00000000 731.00000000
4920 107 740.00000000 731.00000000
4932 107 725.50000000 731.00000000
4944 107 711.00000000 731.00000000
4956 107 696.00000000 731.00000000
4968 107 681.50000000 731.00000000
4980 107 666.50000000 731.00000000
4992 107 652.00000000 731.00000000
5004 107 639.00000000 731.00000000
5016 107 628.00000000 735.50000000
5028 107 615.00000000 741.50000000
5040 107 604.00000000 747.50000000
5052 107 591.00000000 751.50000000
5064 107 579.00000000 757.50000000
5076 107 567.00000000 762.00000000
5088 107 555.50000000 766.00000000
5100 107 544.50000000 774.50000000
5112 107 529.50000000 774.50000000
5124 107 515.00000000 774.50000000
5136 107 500.00000000 778.50000000
5148 107 487.00000000 778.50000000
5160 108 472.50000000 782.50000000
5172 108 457.50000000 782.50000000
5184 108 445.00000000 786.50000000
5196 108 430.00000000 786.50000000
5208 108 415.50000000 790.50000000
5220 108 400.50000000 790.50000000
5232 108 386.00000000 794.50000000
5244 108 371.50000000 794.50000000
5256 108 356.50000000 799.00000000
5268 108 342.00000000 803.00000000
5280 108 327.00000000 803.00000000
5292 108 312.50000000 807.50000000
5304 108 297.50000000 807.50000000
5316 108 283.00000000 807.50000000
5328 108 266.50000000 807.50000000
5340 108 251.50000000 807.50000000
5352 108 237.00000000 807.50000000
5364 108 222.00000000 807.50000000
5376 108 205.50000000 807.50000000
5388 108 192.50000000 807.50000000
6012 112 21.50000000 1177.50000000
6024 112 40.00000000 1177.50000000
6036 112 58.50000000 1177.50000000
6048 112 77.00000000 1177.50000000
6060 112 95.00000000 1177.50000000
6072 112 113.50000000 1173.50000000
6084 112 132.00000000 1173.50000000
6096 112 150.50000000 1173.50000000
6108 112 169.00000000 1173.50000000
6120 112 187.00000000 1173.50000000
6132 112 204.00000000 1173.50000000
6144 112 222.00000000 1173.50000000
6156 112 240.50000000 1173.50000000
6168 112 259.00000000 1173.50000000
6180 112 277.50000000 1173.50000000
6192 112 296.00000000 1173.50000000
6204 112 314.00000000 1173.50000000
6216 112 332.50000000 1173.50000000
6228 112 351.00000000 1173.50000000
6240 112 369.50000000 1173.50000000
6252 113 388.00000000 1173.50000000
6264 113 406.00000000 1173.50000000
6276 113 424.50000000 1173.50000000
6288 113 443.00000000 1173.50000000
6300 113 461.50000000 1173.50000000
6312 113 480.00000000 1173.50000000
6324 113 498.00000000 1173.50000000
6336 113 513.00000000 1173.50000000
6348 113 527.50000000 1173.50000000
6360 113 540.50000000 1173.50000000
6372 113 553.50000000 1173.50000000
6384 113 568.00000000 1173.50000000
6396 113 581.00000000 1173.50000000
6408 113 596.00000000 1173.50000000
6420 113 608.50000000 1168.50000000
6432 113 623.50000000 1168.50000000
6444 113 636.00000000 1168.50000000
6456 113 649.00000000 1168.50000000
6468 113 664.00000000 1168.50000000
6480 113 677.00000000 1168.50000000
6288 55 394.00000000 685.50000000
6300 55 400.00000000 690.00000000
6312 55 405.00000000 694.50000000
6324 55 412.50000000 702.50000000
6336 55 420.00000000 710.50000000
6348 55 425.50000000 714.50000000
6360 55 433.00000000 722.50000000
6372 55 440.00000000 727.00000000
6384 55 447.50000000 735.50000000
6396 55 453.00000000 743.50000000
6408 55 460.50000000 747.50000000
6420 55 468.00000000 755.50000000
6432 55 473.50000000 759.50000000
6444 55 481.00000000 768.50000000
6456 55 488.00000000 776.50000000
6468 55 495.50000000 780.50000000
6480 55 501.00000000 788.50000000
6492 55 508.50000000 792.50000000
6504 55 516.00000000 801.00000000
6516 55 525.00000000 807.50000000
6528 56 535.00000000 813.50000000
6540 56 544.50000000 819.50000000
6552 56 553.50000000 823.50000000
6564 56 562.50000000 831.50000000
6576 56 572.00000000 836.00000000
6588 56 581.00000000 842.00000000
6600 56 591.50000000 848.50000000
6612 56 600.50000000 854.50000000
6624 56 609.50000000 858.50000000
6636 56 618.50000000 866.50000000
6648 56 628.00000000 871.00000000
6660 56 638.50000000 879.00000000
6672 56 645.50000000 871.00000000
6684 56 652.50000000 866.50000000
6696 56 660.50000000 862.50000000
6708 56 667.50000000 858.50000000
6720 56 674.50000000 854.50000000
6732 56 682.50000000 846.50000000
6744 56 682.50000000 842.00000000
6756 56 682.50000000 838.00000000
6768 57 682.50000000 834.00000000
6780 57 684.50000000 829.50000000
6792 57 684.50000000 825.50000000
6804 57 684.50000000 821.50000000
6816 57 684.50000000 817.50000000
6828 57 685.50000000 809.50000000
6840 57 685.50000000 805.00000000
6852 57 685.50000000 801.00000000
6864 57 685.50000000 797.00000000
6876 57 684.50000000 792.50000000
6888 57 680.50000000 788.50000000
6900 57 674.50000000 780.50000000
6912 57 669.50000000 776.50000000
6924 57 665.50000000 772.50000000
6936 57 660.50000000 764.00000000
6948 57 656.50000000 760.00000000
6960 57 651.00000000 755.50000000
6972 57 645.50000000 747.50000000
6984 57 641.50000000 743.50000000
6996 57 632.50000000 743.50000000
7008 58 621.50000000 737.50000000
7020 58 612.50000000 735.00000000
7032 58 603.50000000 731.00000000
7044 58 594.00000000 729.00000000
7056 58 584.00000000 723.00000000
7068 58 574.50000000 719.00000000
7080 58 565.00000000 717.00000000
7092 58 554.00000000 710.50000000
7104 58 543.00000000 706.50000000
7116 58 532.00000000 698.00000000
7128 58 523.00000000 698.00000000
7140 58 512.00000000 698.00000000
7152 58 506.50000000 698.00000000
7164 58 501.00000000 698.00000000
7176 58 495.00000000 698.00000000
7188 58 490.00000000 698.00000000
7200 58 486.00000000 694.00000000
7212 58 484.00000000 694.00000000
7224 58 483.00000000 694.00000000
7236 58 479.00000000 694.00000000
7116 43 1293.50000000 757.50000000
7128 43 1275.00000000 749.50000000
7140 43 1258.00000000 745.50000000
7152 43 1241.50000000 745.50000000
7164 43 1225.00000000 745.50000000
7176 43 1208.50000000 745.50000000
7188 43 1190.00000000 745.50000000
7200 43 1173.50000000 745.50000000
7212 43 1157.00000000 745.50000000
7224 43 1140.50000000 745.50000000
7236 43 1124.00000000 745.50000000
7248 43 1107.50000000 745.50000000
7260 43 1091.00000000 745.50000000
7272 43 1072.50000000 745.50000000
7284 43 1056.00000000 745.50000000
7296 43 1039.00000000 745.50000000
7308 43 1024.50000000 745.50000000
7320 43 1008.00000000 745.50000000
7332 43 991.50000000 745.50000000
7344 43 975.00000000 745.50000000
7212 47 1287.50000000 969.50000000
7224 47 1273.00000000 969.50000000
7236 47 1258.00000000 965.50000000
7248 47 1245.50000000 965.50000000
7260 47 1230.50000000 965.50000000
7272 47 1218.00000000 965.50000000
7284 47 1203.00000000 965.50000000
7296 47 1190.00000000 965.50000000
7308 47 1179.00000000 965.50000000
7320 47 1170.00000000 965.50000000
7332 47 1160.50000000 965.50000000
7344 47 1153.50000000 965.50000000
7356 47 1146.00000000 969.50000000
7368 47 1142.50000000 973.50000000
7380 47 1140.50000000 973.50000000
7392 47 1137.00000000 977.50000000
7404 47 1137.00000000 982.00000000
7416 47 1137.00000000 982.00000000
7428 47 1137.00000000 982.00000000
7440 47 1137.00000000 982.00000000
7248 59 477.00000000 694.00000000
7260 59 475.00000000 694.00000000
7272 59 468.00000000 690.00000000
7284 59 459.00000000 690.00000000
7296 59 451.00000000 690.00000000
7308 59 442.00000000 690.00000000
7320 59 433.00000000 690.00000000
7332 59 426.00000000 690.00000000
7344 59 418.00000000 690.00000000
7356 59 411.00000000 690.00000000
7368 59 403.00000000 690.00000000
7380 59 396.00000000 686.00000000
7392 59 387.00000000 686.00000000
7404 59 380.00000000 682.00000000
7416 59 372.00000000 682.00000000
7428 59 363.00000000 686.00000000
7440 59 354.00000000 686.00000000
7452 59 345.00000000 690.00000000
7464 59 335.00000000 694.00000000
7476 59 324.00000000 694.00000000
7272 72 1016.50000000 1037.50000000
7284 72 999.50000000 1025.00000000
7296 72 985.00000000 1017.00000000
7308 72 968.50000000 1004.50000000
7320 72 953.50000000 996.50000000
7332 72 939.00000000 988.00000000
7344 72 922.50000000 975.50000000
7356 72 909.50000000 963.50000000
7368 72 896.50000000 955.00000000
7380 72 883.50000000 943.00000000
7392 72 871.00000000 930.50000000
7404 72 856.00000000 922.50000000
7416 72 839.50000000 918.00000000
7428 72 821.50000000 914.00000000
7440 72 804.50000000 910.00000000
7452 72 786.50000000 906.00000000
7464 72 769.50000000 901.50000000
7476 72 751.50000000 897.50000000
7488 72 734.50000000 893.50000000
7500 72 718.00000000 889.50000000
7344 52 1067.00000000 1138.00000000
7356 52 1054.00000000 1134.00000000
7368 52 1039.50000000 1134.00000000
7380 52 1017.00000000 1134.00000000
7392 52 997.00000000 1138.00000000
7404 52 976.50000000 1138.00000000
7416 52 960.00000000 1134.00000000
7428 52 941.50000000 1130.00000000
7440 52 923.50000000 1126.00000000
7452 52 906.50000000 1117.50000000
7464 52 892.00000000 1109.50000000
7476 52 875.50000000 1105.00000000
7488 52 862.50000000 1097.00000000
7500 52 851.50000000 1093.00000000
7512 52 836.00000000 1080.50000000
7524 52 821.50000000 1072.50000000
7536 52 806.50000000 1062.00000000
7548 52 791.50000000 1052.00000000
7560 52 776.00000000 1043.50000000
7572 52 762.50000000 1033.00000000
7356 44 958.50000000 745.50000000
7368 44 940.00000000 741.50000000
7380 44 921.50000000 741.50000000
7392 44 903.00000000 737.50000000
7404 44 884.50000000 737.50000000
7416 44 864.50000000 741.50000000
7428 44 846.00000000 753.50000000
7440 44 831.50000000 749.50000000
7452 44 816.50000000 745.50000000
7464 44 800.00000000 737.50000000
7476 44 783.50000000 733.00000000
7488 44 763.00000000 733.00000000
7500 44 745.00000000 733.00000000
7512 44 728.00000000 735.00000000
7524 44 711.50000000 737.00000000
7536 44 695.00000000 739.00000000
7548 44 680.50000000 741.00000000
7560 44 662.00000000 741.00000000
7572 44 643.50000000 745.50000000
7584 44 626.00000000 750.00000000
7452 48 1137.00000000 982.00000000
7464 48 1137.00000000 982.00000000
7476 48 1137.00000000 982.00000000
7488 48 1137.00000000 982.00000000
7500 48 1137.00000000 982.00000000
7512 48 1137.00000000 979.50000000
7524 48 1138.00000000 979.50000000
7536 48 1139.50000000 979.50000000
7548 48 1140.50000000 979.50000000
7560 48 1141.00000000 981.50000000
7572 48 1143.00000000 981.50000000
7584 48 1144.00000000 979.50000000
7596 48 1144.00000000 979.50000000
7608 48 1146.00000000 981.50000000
7620 48 1147.00000000 981.50000000
7632 48 1148.00000000 981.50000000
7644 48 1149.50000000 981.50000000
7656 48 1150.50000000 984.00000000
7668 48 1151.50000000 982.00000000
7680 48 1152.50000000 982.00000000
7488 60 313.00000000 698.00000000
7500 60 302.00000000 702.50000000
7512 60 290.00000000 700.00000000
7524 60 280.00000000 698.00000000
7536 60 269.00000000 698.00000000
7548 60 259.00000000 696.00000000
7560 60 248.00000000 694.00000000
7572 60 237.50000000 694.00000000
7584 60 227.00000000 692.00000000
7596 60 216.00000000 694.00000000
7608 60 206.50000000 694.00000000
7620 60 195.50000000 690.00000000
7632 60 190.00000000 686.00000000
7644 60 184.50000000 686.00000000
7656 60 177.00000000 686.00000000
7668 60 170.00000000 686.00000000
7680 60 162.50000000 686.00000000
7692 60 153.00000000 690.00000000
7704 60 146.00000000 690.00000000
7716 60 138.50000000 690.00000000
7500 28 781.00000000 1090.50000000
7512 28 766.00000000 1074.50000000
7524 28 751.00000000 1062.00000000
7536 28 738.50000000 1045.50000000
7548 28 723.50000000 1033.50000000
7560 28 709.00000000 1016.50000000
7572 28 696.00000000 1004.50000000
7584 28 681.00000000 992.50000000
7596 28 666.50000000 975.50000000
7608 28 654.00000000 963.50000000
7620 28 639.00000000 947.00000000
7632 28 624.00000000 938.50000000
7644 28 609.50000000 926.50000000
7656 28 597.00000000 918.50000000
7668 28 582.00000000 905.50000000
7680 28 567.00000000 893.50000000
7692 28 552.50000000 885.50000000
7704 28 536.00000000 881.50000000
7716 28 519.50000000 877.00000000
7728 28 503.00000000 873.00000000
7512 73 697.00000000 881.00000000
7524 73 677.50000000 875.00000000
7536 73 658.00000000 866.50000000
7548 73 642.00000000 864.50000000
7560 73 631.00000000 864.50000000
7572 73 616.00000000 864.50000000
7584 73 601.00000000 860.50000000
7596 73 581.00000000 852.50000000
7608 73 566.00000000 848.50000000
7620 73 552.00000000 848.50000000
7632 73 533.00000000 836.00000000
7644 73 517.00000000 836.00000000
7656 73 498.00000000 836.00000000
7668 73 482.00000000 831.50000000
7680 73 465.00000000 831.50000000
7692 73 448.50000000 827.50000000
7704 73 430.00000000 827.50000000
7716 73 413.50000000 827.50000000
7728 73 395.00000000 827.50000000
7740 73 377.00000000 827.50000000
7584 53 746.50000000 1023.00000000
7596 53 732.00000000 1013.00000000
7608 53 717.00000000 1004.50000000
7620 53 702.50000000 994.00000000
7632 53 687.00000000 984.00000000
7644 53 673.00000000 976.00000000
7656 53 657.50000000 963.50000000
7668 53 643.00000000 955.00000000
7680 53 629.00000000 947.00000000
7692 53 612.50000000 939.00000000
7704 53 596.00000000 930.50000000
7716 53 581.00000000 922.00000000
7728 53 564.50000000 918.00000000
7740 53 548.00000000 910.00000000
7752 53 533.00000000 902.00000000
7764 53 516.50000000 893.50000000
7776 53 500.00000000 889.50000000
7788 53 481.50000000 885.00000000
7800 53 465.00000000 885.00000000
7812 53 446.50000000 881.00000000
7596 45 609.50000000 754.00000000
7608 45 592.00000000 756.00000000
7620 45 575.50000000 758.00000000
7632 45 559.00000000 762.00000000
7644 45 542.00000000 764.00000000
7656 45 525.00000000 766.00000000
7668 45 508.50000000 768.00000000
7680 45 491.00000000 772.00000000
7692 45 474.50000000 776.00000000
7704 45 457.50000000 776.00000000
7716 45 439.50000000 780.00000000
7728 45 421.00000000 785.00000000
7740 45 402.50000000 785.00000000
7752 45 384.50000000 789.00000000
7764 45 365.50000000 793.00000000
7776 45 347.50000000 793.00000000
7788 45 329.00000000 797.00000000
7800 45 310.50000000 801.00000000
7812 45 292.50000000 801.00000000
7824 45 273.50000000 805.00000000
7596 77 32.50000000 922.50000000
7608 77 47.50000000 918.50000000
7620 77 60.00000000 918.50000000
7632 77 73.00000000 914.50000000
7644 77 88.00000000 909.50000000
7656 77 100.50000000 905.50000000
7668 77 115.50000000 901.50000000
7680 77 128.50000000 901.50000000
7692 77 143.00000000 897.50000000
7704 77 156.00000000 893.50000000
7716 77 169.00000000 889.50000000
7728 77 183.50000000 889.50000000
7740 77 196.50000000 885.50000000
7752 77 211.00000000 881.50000000
7764 77 224.00000000 879.50000000
7776 77 238.50000000 879.50000000
7788 77 253.50000000 879.50000000
7800 77 268.00000000 879.50000000
7812 77 283.00000000 879.50000000
7824 77 297.50000000 881.50000000
7692 49 1153.50000000 982.00000000
7704 49 1154.50000000 984.00000000
7716 49 1156.50000000 984.00000000
7728 49 1157.00000000 984.00000000
7740 49 1158.00000000 984.00000000
7752 49 1159.50000000 986.00000000
7764 49 1159.50000000 986.00000000
7776 49 1159.50000000 986.00000000
7788 49 1159.50000000 990.00000000
7800 49 1161.50000000 990.00000000
7812 49 1161.50000000 994.00000000
7824 49 1161.50000000 994.00000000
7836 49 1163.50000000 998.50000000
7848 49 1163.50000000 998.50000000
7860 49 1163.50000000 998.50000000
7872 49 1163.50000000 998.50000000
7884 49 1163.50000000 998.50000000
7896 49 1163.50000000 998.50000000
7908 49 1163.50000000 998.50000000
7920 49 1163.50000000 998.50000000
7704 46 1293.50000000 922.00000000
7716 46 1280.50000000 922.00000000
7728 46 1269.50000000 930.50000000
7740 46 1258.50000000 934.50000000
7752 46 1249.00000000 939.00000000
7764 46 1238.00000000 943.00000000
7776 46 1227.00000000 947.00000000
7788 46 1217.50000000 951.00000000
7800 46 1210.50000000 951.00000000
7812 46 1203.00000000 951.00000000
7824 46 1197.50000000 951.00000000
7836 46 1190.50000000 951.00000000
7848 46 1184.50000000 951.00000000
7860 46 1177.50000000 951.00000000
7872 46 1171.50000000 955.00000000
7884 46 1168.00000000 959.00000000
7896 46 1166.50000000 963.50000000
7908 46 1162.50000000 967.50000000
7920 46 1160.50000000 971.50000000
7932 46 1160.50000000 971.50000000
7728 61 131.00000000 690.00000000
7740 61 124.00000000 690.00000000
7752 61 116.50000000 694.00000000
7764 61 111.00000000 694.00000000
7776 61 105.50000000 694.00000000
7788 61 100.00000000 694.00000000
7800 61 92.50000000 694.00000000
7812 61 87.00000000 694.00000000
7824 61 81.50000000 694.00000000
7836 61 76.00000000 694.00000000
7848 61 70.50000000 694.00000000
7860 61 63.00000000 694.00000000
7872 61 57.50000000 694.00000000
7884 61 52.00000000 698.00000000
7896 61 46.50000000 698.00000000
7908 61 39.00000000 694.00000000
7920 61 33.50000000 690.00000000
7932 61 30.00000000 682.00000000
7944 61 24.50000000 673.50000000
7956 61 19.00000000 669.50000000
7740 29 486.00000000 864.50000000
7752 29 470.00000000 860.50000000
7764 29 453.00000000 856.50000000
7776 29 436.50000000 852.50000000
7788 29 416.00000000 848.50000000
7800 29 394.00000000 844.50000000
7812 29 374.00000000 840.00000000
7824 29 352.00000000 840.00000000
7836 29 330.00000000 836.00000000
7848 29 309.50000000 831.50000000
7860 29 287.50000000 827.50000000
7872 29 267.00000000 827.50000000
7884 29 247.00000000 823.50000000
7896 29 227.00000000 823.50000000
7908 29 208.50000000 823.50000000
7920 29 188.00000000 823.50000000
7932 29 170.00000000 823.50000000
7944 29 149.50000000 823.50000000
7956 29 129.00000000 823.50000000
7968 29 111.00000000 823.50000000
7752 74 358.00000000 831.50000000
7764 74 340.00000000 831.50000000
7776 74 320.00000000 836.00000000
7788 74 301.00000000 836.00000000
7800 74 283.00000000 840.00000000
7812 74 263.00000000 844.50000000
7824 74 244.00000000 844.50000000
7836 74 226.00000000 848.50000000
7848 74 207.50000000 848.50000000
7860 74 189.00000000 852.50000000
7872 74 169.00000000 856.50000000
7884 74 150.00000000 860.50000000
7896 74 132.00000000 860.50000000
7908 74 114.00000000 864.50000000
7920 74 95.00000000 868.50000000
7932 74 77.00000000 868.50000000
7944 74 60.00000000 864.50000000
7956 74 44.50000000 860.50000000
7968 74 29.00000000 854.50000000
7980 74 18.64000000 855.30000000
7824 54 430.00000000 877.00000000
7836 54 411.50000000 873.00000000
7848 54 395.00000000 873.00000000
7860 54 377.00000000 869.00000000
7872 54 358.50000000 865.00000000
7884 54 342.00000000 860.50000000
7896 54 323.50000000 860.50000000
7908 54 307.00000000 856.50000000
7920 54 288.50000000 852.50000000
7932 54 272.00000000 848.00000000
7944 54 253.50000000 848.00000000
7956 54 237.00000000 844.00000000
7968 54 218.50000000 844.00000000
7980 54 202.00000000 844.00000000
7992 54 185.50000000 844.00000000
8004 54 167.00000000 842.00000000
8016 54 150.50000000 840.00000000
8028 54 133.00000000 840.00000000
8040 54 116.50000000 838.00000000
8052 54 98.00000000 836.00000000
7836 78 312.50000000 881.50000000
7848 78 327.00000000 881.50000000
7860 78 342.00000000 881.50000000
7872 78 356.50000000 883.50000000
7884 78 371.00000000 883.50000000
7896 78 386.00000000 883.50000000
7908 78 400.50000000 883.50000000
7920 78 416.00000000 885.50000000
7932 78 429.00000000 881.00000000
7944 78 444.00000000 881.00000000
7956 78 458.50000000 877.00000000
7968 78 473.50000000 877.00000000
7980 78 488.00000000 873.00000000
7992 78 501.00000000 873.00000000
8004 78 516.00000000 871.00000000
8016 78 532.00000000 873.00000000
8028 78 547.00000000 871.00000000
8040 78 562.50000000 873.00000000
8052 78 579.00000000 871.00000000
8064 78 596.00000000 871.00000000
7932 50 1163.50000000 998.50000000
7944 50 1163.50000000 998.50000000
7956 50 1163.50000000 998.50000000
7968 50 1163.50000000 998.50000000
7980 50 1163.50000000 998.50000000
7992 50 1163.50000000 998.50000000
8004 50 1162.50000000 996.50000000
8016 50 1162.50000000 996.50000000
8028 50 1162.50000000 996.50000000
8040 50 1162.50000000 996.50000000
8052 50 1162.50000000 996.50000000
8064 50 1161.50000000 996.50000000
8076 50 1162.50000000 996.50000000
8088 50 1162.50000000 996.50000000
8100 50 1162.50000000 996.50000000
8112 50 1161.50000000 996.50000000
8124 50 1161.50000000 996.50000000
8136 50 1161.50000000 996.50000000
8148 50 1161.50000000 996.50000000
8160 50 1161.50000000 996.50000000
7992 75 18.97000000 857.22000000
8004 75 19.31000000 859.14000000
8016 75 19.64000000 861.07000000
8028 75 19.98000000 862.99000000
8040 75 20.31000000 864.91000000
8052 75 20.64000000 866.83000000
8064 75 20.98000000 868.75000000
8076 75 21.31000000 870.68000000
8088 75 21.65000000 872.60000000
8100 75 21.98000000 874.52000000
8112 75 22.32000000 876.44000000
8124 75 22.65000000 878.36000000
8136 75 22.98000000 880.29000000
8148 75 23.32000000 882.21000000
8160 75 23.65000000 884.13000000
8172 75 23.99000000 886.05000000
8184 75 24.32000000 887.97000000
8196 75 24.66000000 889.90000000
8208 75 24.99000000 891.82000000
8220 75 25.32000000 893.74000000
8076 79 612.50000000 871.00000000
8088 79 627.00000000 867.00000000
8100 79 638.00000000 867.00000000
8112 79 649.00000000 867.00000000
8124 79 660.00000000 867.00000000
8136 79 676.50000000 867.00000000
8148 79 695.00000000 867.00000000
8160 79 708.00000000 867.00000000
8172 79 721.00000000 867.00000000
8184 79 737.50000000 867.00000000
8196 79 757.50000000 867.00000000
8208 79 772.50000000 863.00000000
8220 79 787.00000000 863.00000000
8232 79 802.00000000 859.00000000
8244 79 815.00000000 859.00000000
8256 79 829.50000000 859.00000000
8268 79 844.00000000 854.00000000
8280 79 857.00000000 854.00000000
8292 79 872.00000000 850.00000000
8304 79 884.50000000 846.00000000
8172 51 1161.50000000 996.50000000
8184 51 1161.50000000 996.50000000
8196 51 1161.50000000 996.50000000
8208 51 1161.50000000 996.50000000
8220 51 1161.00000000 996.50000000
8232 51 1162.00000000 996.50000000
8244 51 1162.00000000 996.50000000
8256 51 1162.00000000 996.50000000
8268 51 1161.00000000 996.50000000
8280 51 1161.00000000 996.50000000
8292 51 1161.00000000 996.50000000
8304 51 1161.50000000 996.50000000
8316 51 1161.50000000 996.50000000
8328 51 1160.50000000 996.50000000
8340 51 1160.50000000 996.50000000
8352 51 1160.50000000 996.50000000
8364 51 1160.50000000 996.50000000
8376 51 1159.50000000 996.50000000
8388 51 1160.50000000 996.50000000
8400 51 1160.50000000 996.50000000
8232 76 25.66000000 895.66000000
8244 76 25.99000000 897.58000000
8256 76 26.33000000 899.51000000
8268 76 26.66000000 901.43000000
8280 76 27.00000000 903.35000000
8292 76 27.33000000 905.27000000
8304 76 27.66000000 907.19000000
8316 76 28.00000000 909.12000000
8328 76 28.33000000 911.04000000
8340 76 42.50000000 908.00000000
8352 76 72.50000000 908.00000000
8364 76 103.50000000 908.00000000
8376 76 132.50000000 908.00000000
8388 76 164.50000000 908.00000000
8400 76 193.50000000 904.00000000
8412 76 224.50000000 904.00000000
8424 76 254.50000000 904.00000000
8436 76 285.50000000 904.00000000
8448 76 315.50000000 895.50000000
8460 76 344.50000000 883.00000000
8316 80 899.50000000 838.00000000
8328 80 912.50000000 834.00000000
8340 80 925.00000000 830.00000000
8352 80 940.00000000 826.00000000
8364 80 953.00000000 817.00000000
8376 80 965.50000000 813.00000000
8388 80 980.50000000 809.00000000
8400 80 993.00000000 805.00000000
8412 80 1006.00000000 801.00000000
8424 80 1021.00000000 797.00000000
8436 80 1033.50000000 793.00000000
8448 80 1048.50000000 789.00000000
8460 80 1061.50000000 789.00000000
8472 80 1076.00000000 785.00000000
8484 80 1091.00000000 785.00000000
8496 80 1105.50000000 785.00000000
8508 80 1117.50000000 782.50000000
8520 80 1130.50000000 782.50000000
8532 80 1142.50000000 784.50000000
8544 80 1154.00000000 782.50000000
8496 81 543.00000000 1181.00000000
8508 81 520.00000000 1171.00000000
8520 81 499.00000000 1168.50000000
8532 81 477.00000000 1166.50000000
8544 81 459.00000000 1166.50000000
8556 81 444.00000000 1166.50000000
8568 81 429.00000000 1166.50000000
8580 81 414.50000000 1166.50000000
8592 81 400.00000000 1171.00000000
8604 81 385.00000000 1171.00000000
8616 81 370.00000000 1171.00000000
8628 81 356.00000000 1171.00000000
8640 81 341.00000000 1175.50000000
8652 81 326.00000000 1175.50000000
8664 81 311.00000000 1175.50000000
8676 81 297.00000000 1175.50000000
8688 81 282.00000000 1179.50000000
8700 81 267.00000000 1179.50000000
8712 81 253.00000000 1179.50000000
8724 81 238.00000000 1179.50000000
8496 82 515.00000000 1226.00000000
8508 82 522.00000000 1203.50000000
8520 82 535.00000000 1199.50000000
8532 82 546.00000000 1191.50000000
8544 82 559.00000000 1189.50000000
8556 82 572.00000000 1189.50000000
8568 82 584.00000000 1189.50000000
8580 82 596.50000000 1189.50000000
8592 82 609.50000000 1189.50000000
8604 82 622.50000000 1187.50000000
8616 82 639.00000000 1187.50000000
8628 82 655.50000000 1187.50000000
8640 82 672.00000000 1187.50000000
8652 82 688.50000000 1187.50000000
8664 82 705.00000000 1183.50000000
8676 82 722.00000000 1183.50000000
8688 82 738.50000000 1183.50000000
8700 82 755.00000000 1183.50000000
8712 82 771.50000000 1183.50000000
8724 82 788.00000000 1179.50000000
8496 84 719.50000000 1154.50000000
8508 84 702.50000000 1154.50000000
8520 84 686.00000000 1154.50000000
8532 84 669.00000000 1158.50000000
8544 84 653.00000000 1158.50000000
8556 84 636.00000000 1162.50000000
8568 84 620.00000000 1162.50000000
8580 84 603.00000000 1166.50000000
8592 84 586.50000000 1166.50000000
8604 84 572.00000000 1171.00000000
8616 84 555.00000000 1171.00000000
8628 84 539.00000000 1175.50000000
8640 84 522.00000000 1175.50000000
8652 84 505.50000000 1175.50000000
8664 84 489.00000000 1175.50000000
8676 84 472.50000000 1175.50000000
8688 84 456.00000000 1175.50000000
8700 84 439.00000000 1175.50000000
8712 84 421.00000000 1175.50000000
8724 84 404.00000000 1175.50000000
8736 83 804.50000000 1179.50000000
8748 83 821.00000000 1179.50000000
8760 83 838.00000000 1179.50000000
8772 83 854.50000000 1179.50000000
8784 83 871.00000000 1175.50000000
8796 83 887.50000000 1175.50000000
8808 83 904.00000000 1175.50000000
8820 83 920.50000000 1175.50000000
8832 83 937.00000000 1175.50000000
8844 83 953.50000000 1175.50000000
8856 83 970.00000000 1175.50000000
8868 83 988.50000000 1175.50000000
8880 83 1003.50000000 1179.50000000
8892 83 1012.50000000 1179.50000000
8904 83 1022.00000000 1179.50000000
8916 83 1033.00000000 1179.50000000
8928 83 1042.00000000 1179.50000000
8940 83 1053.00000000 1183.50000000
8952 83 1062.00000000 1183.50000000
8964 83 1071.50000000 1183.50000000
8736 85 388.00000000 1171.00000000
8748 85 371.00000000 1171.00000000
8760 85 355.00000000 1171.00000000
8772 85 338.00000000 1171.00000000
8784 85 321.50000000 1171.00000000
8796 85 305.00000000 1171.00000000
8808 85 288.50000000 1171.00000000
8820 85 272.00000000 1166.50000000
8832 85 253.50000000 1166.50000000
8844 85 237.00000000 1166.50000000
8856 85 220.00000000 1166.50000000
8868 85 204.00000000 1166.50000000
8880 85 187.00000000 1166.50000000
8892 85 171.00000000 1166.50000000
8904 85 154.00000000 1166.50000000
8916 85 137.50000000 1166.50000000
8928 85 121.00000000 1171.00000000
8940 85 106.00000000 1171.00000000
8952 85 90.00000000 1175.50000000
8964 85 73.00000000 1175.50000000
