0 1 546.00000000 1110.00000000
12 1 535.00000000 1090.00000000
24 1 526.00000000 1073.00000000
36 1 516.00000000 1057.00000000
48 1 507.00000000 1038.00000000
60 1 502.00000000 1026.00000000
72 1 494.00000000 1013.00000000
84 1 489.00000000 1001.00000000
96 1 481.00000000 988.00000000
108 1 476.00000000 976.00000000
120 1 468.00000000 964.00000000
132 1 463.00000000 951.00000000
144 1 457.00000000 935.00000000
156 1 450.00000000 918.00000000
168 1 444.00000000 902.00000000
180 1 439.00000000 885.00000000
192 1 433.00000000 869.00000000
204 1 427.50000000 856.00000000
216 1 422.00000000 848.00000000
228 1 418.00000000 836.00000000
0 3 559.00000000 998.50000000
12 3 581.00000000 986.50000000
24 3 603.50000000 978.00000000
36 3 626.00000000 965.50000000
48 3 642.50000000 961.50000000
60 3 655.00000000 953.50000000
72 3 666.50000000 949.50000000
84 3 679.50000000 941.00000000
96 3 687.00000000 937.00000000
108 3 689.00000000 937.00000000
120 3 692.50000000 937.00000000
132 3 694.00000000 934.50000000
144 3 696.00000000 934.50000000
156 3 698.00000000 930.50000000
168 3 700.00000000 930.50000000
180 3 700.00000000 930.50000000
192 3 702.00000000 926.50000000
204 3 703.50000000 926.50000000
216 3 703.50000000 922.50000000
228 3 705.00000000 922.50000000
0 5 546.00000000 1065.00000000
12 5 550.00000000 1065.00000000
24 5 553.50000000 1065.00000000
36 5 559.00000000 1067.00000000
48 5 563.00000000 1067.00000000
60 5 568.00000000 1071.00000000
72 5 572.00000000 1071.00000000
84 5 577.50000000 1075.00000000
96 5 583.00000000 1079.00000000
108 5 589.00000000 1083.00000000
120 5 592.00000000 1088.00000000
132 5 598.00000000 1092.00000000
144 5 603.50000000 1096.00000000
156 5 609.00000000 1100.00000000
168 5 616.50000000 1104.00000000
180 5 628.00000000 1104.00000000
192 5 639.00000000 1104.00000000
204 5 646.00000000 1108.00000000
216 5 646.00000000 1108.00000000
228 5 646.00000000 1108.00000000
0 9 1202.50000000 1075.00000000
12 9 1201.00000000 1071.00000000
24 9 1201.00000000 1071.00000000
36 9 1201.00000000 1071.00000000
48 9 1201.00000000 1071.00000000
60 9 1201.00000000 1071.00000000
72 9 1201.00000000 1071.00000000
84 9 1201.00000000 1071.00000000
96 9 1201.00000000 1071.00000000
108 9 1201.00000000 1071.00000000
120 9 1201.00000000 1071.00000000
132 9 1199.50000000 1067.00000000
144 9 1199.50000000 1067.00000000
156 9 1199.50000000 1067.00000000
168 9 1199.50000000 1067.00000000
180 9 1199.50000000 1067.00000000
192 9 1199.50000000 1067.00000000
204 9 1199.50000000 1067.00000000
216 9 1199.50000000 1067.00000000
228 9 1199.50000000 1067.00000000
0 11 1192.00000000 1032.00000000
12 11 1192.00000000 1032.00000000
24 11 1192.00000000 1032.00000000
36 11 1192.00000000 1032.00000000
48 11 1192.00000000 1032.00000000
60 11 1192.00000000 1032.00000000
72 11 1192.00000000 1032.00000000
84 11 1192.00000000 1032.00000000
96 11 1192.00000000 1032.00000000
108 11 1192.00000000 1032.00000000
120 11 1192.00000000 1032.00000000
132 11 1192.00000000 1032.00000000
144 11 1192.00000000 1032.00000000
156 11 1192.00000000 1032.00000000
168 11 1192.00000000 1032.00000000
180 11 1192.00000000 1032.00000000
192 11 1192.00000000 1032.00000000
204 11 1192.00000000 1032.00000000
216 11 1192.00000000 1032.00000000
228 11 1192.00000000 1032.00000000
0 13 1061.00000000 881.00000000
12 13 1061.00000000 881.00000000
24 13 1061.00000000 881.00000000
36 13 1061.00000000 881.00000000
48 13 1061.00000000 881.00000000
60 13 1061.00000000 881.00000000
72 13 1061.00000000 881.00000000
84 13 1061.00000000 881.00000000
96 13 1061.00000000 881.00000000
108 13 1061.00000000 881.00000000
120 13 1061.00000000 881.00000000
132 13 1061.00000000 881.00000000
144 13 1061.00000000 881.00000000
156 13 1061.00000000 881.00000000
168 13 1061.00000000 881.00000000
180 13 1061.00000000 881.00000000
192 13 1061.00000000 881.00000000
204 13 1061.00000000 881.00000000
216 13 1061.00000000 881.00000000
228 13 1061.00000000 881.00000000
0 15 247.50000000 718.00000000
12 15 247.50000000 718.00000000
24 15 247.50000000 718.00000000
36 15 247.50000000 718.00000000
48 15 247.50000000 718.00000000
60 15 247.50000000 718.00000000
72 15 247.50000000 718.00000000
84 15 247.50000000 718.00000000
96 15 247.50000000 718.00000000
108 15 247.50000000 718.00000000
120 15 247.50000000 718.00000000
132 15 247.50000000 718.00000000
144 15 247.50000000 718.00000000
156 15 247.50000000 718.00000000
168 15 247.50000000 718.00000000
180 15 247.50000000 718.00000000
192 15 247.50000000 718.00000000
204 15 247.50000000 718.00000000
216 15 247.50000000 718.00000000
228 15 247.50000000 718.00000000
0 17 236.50000000 745.00000000
12 17 236.50000000 745.00000000
24 17 236.50000000 745.00000000
36 17 236.50000000 745.00000000
48 17 236.50000000 745.00000000
60 17 236.50000000 745.00000000
72 17 236.50000000 745.00000000
84 17 236.50000000 745.00000000
96 17 236.50000000 745.00000000
108 17 236.50000000 745.00000000
120 17 236.50000000 745.00000000
132 17 236.50000000 745.00000000
144 17 236.50000000 745.00000000
156 17 236.50000000 745.00000000
168 17 236.50000000 745.00000000
180 17 236.50000000 745.00000000
192 17 236.50000000 745.00000000
204 17 236.50000000 745.00000000
216 17 236.50000000 745.00000000
228 17 236.50000000 745.00000000
0 19 268.50000000 749.00000000
12 19 268.50000000 749.00000000
24 19 268.50000000 749.00000000
36 19 268.50000000 749.00000000
48 19 268.50000000 749.00000000
60 19 268.50000000 749.00000000
72 19 268.50000000 749.00000000
84 19 268.50000000 749.00000000
96 19 268.50000000 749.00000000
108 19 268.50000000 749.00000000
120 19 268.50000000 749.00000000
132 19 268.50000000 749.00000000
144 19 268.50000000 749.00000000
156 19 268.50000000 749.00000000
168 19 268.50000000 749.00000000
180 19 268.50000000 749.00000000
192 19 268.50000000 749.00000000
204 19 268.50000000 749.00000000
216 19 268.50000000 749.00000000
228 19 268.50000000 749.00000000
0 21 182.50000000 732.50000000
12 21 182.50000000 732.50000000
24 21 182.50000000 732.50000000
36 21 182.50000000 732.50000000
48 21 182.50000000 732.50000000
60 21 182.50000000 732.50000000
72 21 182.50000000 732.50000000
84 21 182.50000000 732.50000000
96 21 182.50000000 732.50000000
108 21 182.50000000 732.50000000
120 21 182.50000000 732.50000000
132 21 182.50000000 732.50000000
144 21 182.50000000 732.50000000
156 21 182.50000000 732.50000000
168 21 182.50000000 732.50000000
180 21 182.50000000 732.50000000
192 21 182.50000000 732.50000000
204 21 182.50000000 732.50000000
216 21 182.50000000 732.50000000
228 21 182.50000000 732.50000000
0 25 1064.00000000 757.00000000
12 25 1049.00000000 753.00000000
24 25 1034.50000000 751.00000000
36 25 1019.50000000 747.00000000
48 25 1004.50000000 747.00000000
60 25 990.00000000 745.00000000
72 25 977.00000000 745.00000000
84 25 965.50000000 745.00000000
96 25 956.50000000 745.00000000
108 25 946.00000000 745.00000000
120 25 937.00000000 745.00000000
132 25 920.50000000 741.00000000
144 25 905.50000000 736.50000000
156 25 890.50000000 732.50000000
168 25 876.00000000 728.00000000
180 25 865.00000000 728.00000000
192 25 853.50000000 728.00000000
204 25 844.50000000 728.00000000
216 25 833.00000000 728.00000000
228 25 822.00000000 732.50000000
0 60 275.50000000 720.00000000
12 60 275.50000000 720.00000000
24 60 275.50000000 720.00000000
36 60 275.50000000 720.00000000
48 60 275.50000000 720.00000000
60 60 275.50000000 720.00000000
72 60 275.50000000 720.00000000
84 60 275.50000000 720.00000000
96 60 275.50000000 720.00000000
108 60 275.50000000 720.00000000
120 60 275.50000000 720.00000000
132 60 275.50000000 720.00000000
144 60 275.50000000 720.00000000
156 60 275.50000000 720.00000000
168 60 275.50000000 720.00000000
180 60 275.50000000 720.00000000
192 60 275.50000000 720.00000000
204 60 275.50000000 720.00000000
216 60 275.50000000 720.00000000
228 60 275.50000000 720.00000000
0 70 156.00000000 730.00000000
12 70 156.00000000 730.00000000
24 70 156.00000000 730.00000000
36 70 156.00000000 730.00000000
48 70 156.00000000 730.00000000
60 70 156.00000000 730.00000000
72 70 156.00000000 730.00000000
84 70 156.00000000 730.00000000
96 70 156.00000000 730.00000000
108 70 156.00000000 730.00000000
120 70 156.00000000 730.00000000
132 70 156.00000000 730.00000000
144 70 156.00000000 730.00000000
156 70 156.00000000 730.00000000
168 70 156.00000000 730.00000000
180 70 156.00000000 730.00000000
192 70 156.00000000 730.00000000
204 70 156.00000000 730.00000000
216 70 156.00000000 730.00000000
228 70 156.00000000 730.00000000
96 92 22.00000000 700.50000000
108 92 25.50000000 672.50000000
120 92 32.00000000 664.50000000
132 92 39.00000000 656.00000000
144 92 48.50000000 654.00000000
156 92 55.89000000 653.84000000
168 92 55.66000000 653.51000000
180 92 55.44000000 653.19000000
192 92 55.22000000 652.86000000
204 92 54.99000000 652.54000000
216 92 54.77000000 652.21000000
228 92 54.54000000 651.89000000
240 92 54.32000000 651.56000000
252 92 54.09000000 651.24000000
264 92 53.87000000 650.91000000
276 92 53.65000000 650.59000000
288 92 53.42000000 650.27000000
300 92 53.20000000 649.94000000
312 92 52.97000000 649.62000000
324 92 52.75000000 649.29000000
240 4 707.00000000 922.50000000
252 4 707.00000000 918.50000000
264 4 709.00000000 918.50000000
276 4 715.00000000 914.00000000
288 4 724.00000000 914.00000000
300 4 733.00000000 910.00000000
312 4 742.50000000 910.00000000
324 4 752.00000000 905.50000000
336 4 761.00000000 905.50000000
348 4 770.00000000 901.50000000
360 4 779.50000000 897.50000000
372 4 789.00000000 897.50000000
384 4 802.00000000 893.50000000
396 4 820.00000000 889.50000000
408 4 839.00000000 881.00000000
420 4 857.00000000 877.00000000
432 4 874.00000000 864.50000000
444 4 892.50000000 852.50000000
456 4 909.00000000 839.50000000
468 4 928.00000000 827.50000000
240 6 655.00000000 1108.00000000
252 6 668.00000000 1108.00000000
264 6 681.00000000 1108.00000000
276 6 692.50000000 1108.00000000
288 6 705.00000000 1108.00000000
300 6 718.00000000 1108.00000000
312 6 731.00000000 1108.00000000
324 6 744.00000000 1108.00000000
336 6 757.00000000 1108.00000000
348 6 770.00000000 1108.00000000
360 6 783.00000000 1108.00000000
372 6 796.00000000 1108.00000000
384 6 809.00000000 1108.00000000
396 6 822.00000000 1108.00000000
408 6 835.00000000 1108.00000000
420 6 848.00000000 1108.00000000
432 6 861.00000000 1108.00000000
444 6 872.00000000 1108.00000000
456 6 889.00000000 1112.00000000
468 6 907.00000000 1116.00000000
240 10 1199.50000000 1067.00000000
252 10 1197.50000000 1067.00000000
264 10 1197.50000000 1067.00000000
276 10 1197.50000000 1067.00000000
288 10 1197.50000000 1067.00000000
300 10 1197.50000000 1067.00000000
312 10 1197.50000000 1067.00000000
324 10 1197.50000000 1067.00000000
336 10 1197.50000000 1067.00000000
348 10 1197.50000000 1067.00000000
360 10 1197.50000000 1067.00000000
372 10 1195.50000000 1071.00000000
384 10 1195.50000000 1071.00000000
396 10 1195.50000000 1071.00000000
408 10 1195.50000000 1071.00000000
420 10 1195.50000000 1071.00000000
432 10 1195.50000000 1071.00000000
444 10 1195.50000000 1071.00000000
456 10 1195.50000000 1071.00000000
468 10 1195.50000000 1071.00000000
240 12 1192.00000000 1032.00000000
252 12 1192.00000000 1032.00000000
264 12 1192.00000000 1032.00000000
276 12 1192.00000000 1032.00000000
288 12 1192.00000000 1032.00000000
300 12 1192.00000000 1032.00000000
312 12 1192.00000000 1032.00000000
324 12 1192.00000000 1032.00000000
336 12 1192.00000000 1032.00000000
348 12 1192.00000000 1032.00000000
360 12 1192.00000000 1032.00000000
372 12 1192.00000000 1032.00000000
384 12 1192.00000000 1032.00000000
396 12 1192.00000000 1032.00000000
408 12 1192.00000000 1032.00000000
420 12 1192.00000000 1032.00000000
432 12 1192.00000000 1032.00000000
444 12 1192.00000000 1032.00000000
456 12 1192.00000000 1032.00000000
468 12 1192.00000000 1032.00000000
240 14 1061.00000000 881.00000000
252 14 1061.00000000 881.00000000
264 14 1061.00000000 881.00000000
276 14 1061.00000000 881.00000000
288 14 1061.00000000 881.00000000
300 14 1061.00000000 881.00000000
312 14 1061.00000000 881.00000000
324 14 1061.00000000 881.00000000
336 14 1061.00000000 881.00000000
348 14 1061.00000000 881.00000000
360 14 1061.00000000 881.00000000
372 14 1061.00000000 881.00000000
384 14 1061.00000000 881.00000000
396 14 1061.00000000 881.00000000
408 14 1061.00000000 881.00000000
420 14 1061.00000000 881.00000000
432 14 1061.00000000 881.00000000
444 14 1061.00000000 881.00000000
456 14 1061.00000000 881.00000000
468 14 1061.00000000 881.00000000
240 16 247.50000000 718.00000000
252 16 247.50000000 718.00000000
264 16 247.50000000 718.00000000
276 16 247.50000000 718.00000000
288 16 247.50000000 718.00000000
300 16 247.50000000 718.00000000
312 16 247.50000000 718.00000000
324 16 247.50000000 718.00000000
336 16 247.50000000 718.00000000
348 16 247.50000000 718.00000000
360 16 247.50000000 718.00000000
372 16 247.50000000 718.00000000
384 16 247.50000000 718.00000000
396 16 247.50000000 718.00000000
408 16 247.50000000 718.00000000
420 16 247.50000000 718.00000000
432 16 247.50000000 718.00000000
444 16 247.50000000 718.00000000
456 16 247.50000000 718.00000000
468 16 247.50000000 718.00000000
240 18 236.50000000 745.00000000
252 18 236.50000000 745.00000000
264 18 236.50000000 745.00000000
276 18 236.50000000 745.00000000
288 18 236.50000000 745.00000000
300 18 236.50000000 745.00000000
312 18 236.50000000 745.00000000
324 18 236.50000000 745.00000000
336 18 236.50000000 745.00000000
348 18 236.50000000 745.00000000
360 18 236.50000000 745.00000000
372 18 236.50000000 745.00000000
384 18 236.50000000 745.00000000
396 18 236.50000000 745.00000000
408 18 236.50000000 745.00000000
420 18 236.50000000 745.00000000
432 18 236.50000000 745.00000000
444 18 236.50000000 745.00000000
456 18 236.50000000 745.00000000
468 18 236.50000000 745.00000000
240 20 268.50000000 749.00000000
252 20 268.50000000 749.00000000
264 20 268.50000000 749.00000000
276 20 268.50000000 749.00000000
288 20 268.50000000 749.00000000
300 20 268.50000000 749.00000000
312 20 268.50000000 749.00000000
324 20 268.50000000 749.00000000
336 20 268.50000000 749.00000000
348 20 268.50000000 749.00000000
360 20 268.50000000 749.00000000
372 20 268.50000000 749.00000000
384 20 268.50000000 749.00000000
396 20 268.50000000 749.00000000
408 20 268.50000000 749.00000000
420 20 268.50000000 749.00000000
432 20 268.50000000 749.00000000
444 20 268.50000000 749.00000000
456 20 268.50000000 749.00000000
468 20 268.50000000 749.00000000
240 22 182.50000000 732.50000000
252 22 182.50000000 732.50000000
264 22 182.50000000 732.50000000
276 22 182.50000000 732.50000000
288 22 182.50000000 732.50000000
300 22 182.50000000 732.50000000
312 22 182.50000000 732.50000000
324 22 182.50000000 732.50000000
336 22 182.50000000 732.50000000
348 22 182.50000000 732.50000000
360 22 182.50000000 732.50000000
372 22 182.50000000 732.50000000
384 22 182.50000000 732.50000000
396 22 182.50000000 732.50000000
408 22 182.50000000 732.50000000
420 22 182.50000000 732.50000000
432 22 182.50000000 732.50000000
444 22 182.50000000 732.50000000
456 22 182.50000000 732.50000000
468 22 182.50000000 732.50000000
240 26 809.00000000 732.50000000
252 26 796.00000000 736.50000000
264 26 783.00000000 736.50000000
276 26 772.00000000 736.50000000
288 26 763.00000000 732.50000000
300 26 752.00000000 728.00000000
312 26 737.00000000 728.00000000
324 26 724.00000000 728.00000000
336 26 711.00000000 732.50000000
348 26 698.00000000 736.50000000
360 26 685.00000000 745.00000000
372 26 672.00000000 745.00000000
384 26 661.00000000 745.00000000
396 26 648.00000000 745.00000000
408 26 637.00000000 745.00000000
420 26 626.00000000 745.00000000
432 26 614.50000000 745.00000000
444 26 603.50000000 749.00000000
456 26 592.50000000 753.00000000
468 26 581.00000000 757.00000000
240 61 275.50000000 720.00000000
252 61 275.50000000 720.00000000
264 61 275.50000000 720.00000000
276 61 275.50000000 720.00000000
288 61 275.50000000 720.00000000
300 61 275.50000000 720.00000000
312 61 275.50000000 720.00000000
324 61 275.50000000 720.00000000
336 61 275.50000000 720.00000000
348 61 275.50000000 720.00000000
360 61 275.50000000 720.00000000
372 61 275.50000000 720.00000000
384 61 275.50000000 720.00000000
396 61 275.50000000 720.00000000
408 61 275.50000000 720.00000000
420 61 275.50000000 720.00000000
432 61 275.50000000 720.00000000
444 61 275.50000000 720.00000000
456 61 275.50000000 720.00000000
468 61 275.50000000 720.00000000
240 71 156.00000000 730.00000000
252 71 156.00000000 730.00000000
264 71 156.00000000 730.00000000
276 71 156.00000000 730.00000000
288 71 156.00000000 730.00000000
300 71 156.00000000 730.00000000
312 71 156.00000000 730.00000000
324 71 156.00000000 730.00000000
336 71 156.00000000 730.00000000
348 71 156.00000000 730.00000000
360 71 156.00000000 730.00000000
372 71 156.00000000 730.00000000
384 71 156.00000000 730.00000000
396 71 156.00000000 730.00000000
408 71 156.00000000 730.00000000
420 71 156.00000000 730.00000000
432 71 156.00000000 730.00000000
444 71 156.00000000 730.00000000
456 71 156.00000000 730.00000000
468 71 156.00000000 730.00000000
336 93 52.52000000 648.97000000
348 93 52.30000000 648.64000000
360 93 52.08000000 648.32000000
372 93 51.85000000 647.99000000
384 93 51.63000000 647.67000000
396 93 51.40000000 647.34000000
408 93 51.18000000 647.02000000
420 93 50.95000000 646.69000000
432 93 50.73000000 646.37000000
444 93 50.51000000 646.04000000
456 93 50.28000000 645.72000000
468 93 50.06000000 645.39000000
480 93 49.83000000 645.07000000
492 93 49.61000000 644.74000000
504 93 49.39000000 644.42000000
516 93 49.16000000 644.10000000
528 93 48.94000000 643.77000000
540 93 48.71000000 643.45000000
552 93 48.49000000 643.12000000
564 93 48.26000000 642.80000000
396 91 748.00000000 709.50000000
408 91 730.00000000 709.50000000
420 91 721.00000000 714.00000000
432 91 712.00000000 718.00000000
444 91 702.00000000 720.00000000
456 91 692.50000000 724.50000000
468 91 681.00000000 724.50000000
480 91 668.00000000 724.50000000
492 91 657.00000000 720.00000000
504 91 646.00000000 720.50000000
516 91 635.00000000 726.50000000
528 91 623.00000000 724.00000000
540 91 610.00000000 724.00000000
552 91 597.00000000 720.00000000
564 91 584.00000000 716.00000000
576 91 571.00000000 716.00000000
588 91 558.00000000 712.00000000
600 91 545.00000000 712.00000000
612 91 532.00000000 707.50000000
624 91 519.00000000 703.50000000
480 27 572.00000000 761.00000000
492 27 555.50000000 757.00000000
504 27 538.50000000 757.00000000
516 27 525.50000000 759.00000000
528 27 513.00000000 761.00000000
540 27 501.50000000 763.00000000
552 27 488.50000000 767.50000000
564 27 475.50000000 772.00000000
576 27 462.50000000 774.00000000
588 27 450.00000000 778.00000000
600 27 437.00000000 778.00000000
612 27 425.00000000 782.00000000
624 27 412.50000000 782.00000000
636 27 400.50000000 786.00000000
648 27 389.00000000 786.00000000
660 27 377.00000000 786.00000000
672 27 364.00000000 790.00000000
684 27 352.00000000 790.00000000
696 27 340.00000000 792.00000000
708 27 328.50000000 794.00000000
480 62 275.50000000 720.00000000
492 62 275.50000000 720.00000000
504 62 273.50000000 720.00000000
516 62 273.50000000 720.00000000
528 62 273.50000000 720.00000000
540 62 272.50000000 720.00000000
552 62 272.50000000 720.00000000
564 62 272.50000000 720.00000000
576 62 272.00000000 720.00000000
588 62 272.00000000 720.00000000
600 62 272.00000000 720.00000000
612 62 271.00000000 720.00000000
624 62 271.00000000 720.00000000
636 62 271.00000000 720.00000000
648 62 270.00000000 720.00000000
660 62 270.00000000 720.00000000
672 62 270.00000000 720.00000000
684 62 269.00000000 720.00000000
696 62 269.00000000 720.00000000
708 62 269.00000000 720.00000000
480 72 156.00000000 730.00000000
492 72 156.00000000 730.00000000
504 72 156.00000000 728.00000000
516 72 156.00000000 728.00000000
528 72 156.00000000 728.00000000
540 72 156.00000000 728.00000000
552 72 156.00000000 728.00000000
564 72 156.00000000 728.00000000
576 72 156.00000000 728.00000000
588 72 156.00000000 728.00000000
600 72 157.00000000 728.00000000
612 72 157.00000000 726.00000000
624 72 157.00000000 726.00000000
636 72 157.00000000 726.00000000
648 72 157.00000000 726.00000000
660 72 157.00000000 726.00000000
672 72 157.00000000 726.00000000
684 72 157.00000000 726.00000000
696 72 157.00000000 726.00000000
708 72 158.00000000 724.00000000
504 95 1036.00000000 1098.00000000
516 95 1027.00000000 1098.00000000
528 95 1017.50000000 1098.00000000
540 95 1010.00000000 1098.00000000
552 95 1001.00000000 1098.00000000
564 95 991.50000000 1098.00000000
576 95 982.50000000 1098.00000000
588 95 973.00000000 1098.00000000
600 95 965.50000000 1098.00000000
612 95 956.50000000 1098.00000000
624 95 949.00000000 1098.00000000
636 95 940.00000000 1098.00000000
648 95 930.50000000 1098.00000000
660 95 919.50000000 1098.00000000
672 95 908.50000000 1098.00000000
684 95 899.00000000 1098.00000000
696 95 891.50000000 1098.00000000
708 95 882.50000000 1098.00000000
720 95 873.00000000 1098.00000000
732 95 863.49000000 1098.23000000
576 94 48.04000000 642.47000000
588 94 47.82000000 642.15000000
600 94 47.59000000 641.82000000
612 94 47.37000000 641.50000000
624 94 47.14000000 641.17000000
636 94 46.92000000 640.85000000
648 94 46.69000000 640.52000000
660 94 46.47000000 640.20000000
672 94 46.25000000 639.87000000
684 94 46.02000000 639.55000000
696 94 45.80000000 639.22000000
708 94 45.57000000 638.90000000
720 94 45.35000000 638.57000000
732 94 45.13000000 638.25000000
744 94 44.90000000 637.93000000
756 94 44.68000000 637.60000000
768 94 44.45000000 637.28000000
780 94 44.23000000 636.95000000
792 94 44.00000000 636.63000000
804 94 43.78000000 636.30000000
684 30 329.50000000 1069.00000000
696 30 325.50000000 1056.50000000
708 30 324.00000000 1040.00000000
720 30 320.00000000 1023.50000000
732 30 316.50000000 1007.00000000
744 30 314.50000000 995.00000000
756 30 311.00000000 978.00000000
768 30 309.00000000 962.00000000
780 30 305.00000000 945.00000000
792 30 301.50000000 933.00000000
804 30 299.50000000 916.00000000
816 30 296.00000000 904.00000000
828 30 290.50000000 891.00000000
840 30 286.50000000 883.00000000
852 30 281.00000000 871.00000000
864 30 275.50000000 858.00000000
876 30 272.00000000 850.00000000
888 30 266.50000000 838.00000000
900 30 262.50000000 829.50000000
912 30 257.00000000 817.00000000
720 28 315.50000000 794.00000000
732 28 304.00000000 796.00000000
744 28 292.00000000 798.50000000
756 28 279.50000000 798.50000000
768 28 267.50000000 801.00000000
780 28 256.00000000 803.00000000
792 28 244.00000000 805.00000000
804 28 231.00000000 805.00000000
816 28 219.50000000 807.00000000
828 28 207.00000000 809.00000000
840 28 195.00000000 809.00000000
852 28 182.50000000 813.00000000
864 28 170.50000000 813.00000000
876 28 159.00000000 813.00000000
888 28 146.50000000 817.00000000
900 28 134.50000000 817.00000000
912 28 122.50000000 819.00000000
924 28 109.50000000 821.00000000
936 28 98.50000000 821.00000000
948 28 86.50000000 821.00000000
720 63 268.00000000 720.00000000
732 63 268.00000000 720.00000000
744 63 268.00000000 720.00000000
756 63 267.00000000 720.00000000
768 63 267.00000000 720.00000000
780 63 267.00000000 720.00000000
792 63 266.50000000 720.00000000
804 63 266.50000000 720.00000000
816 63 266.50000000 720.00000000
828 63 265.50000000 720.00000000
840 63 265.50000000 720.00000000
852 63 265.50000000 720.00000000
864 63 264.50000000 720.00000000
876 63 264.50000000 720.00000000
888 63 264.50000000 720.00000000
900 63 263.50000000 720.00000000
912 63 263.50000000 720.00000000
924 63 263.50000000 720.00000000
936 63 262.50000000 720.00000000
948 63 262.50000000 720.00000000
720 73 158.00000000 724.00000000
732 73 158.00000000 724.00000000
744 73 158.00000000 724.00000000
756 73 158.00000000 724.00000000
768 73 158.00000000 724.00000000
780 73 158.00000000 724.00000000
792 73 158.00000000 724.00000000
804 73 158.50000000 722.00000000
816 73 158.50000000 722.00000000
828 73 158.50000000 722.00000000
840 73 158.50000000 722.00000000
852 73 158.50000000 722.00000000
864 73 158.50000000 722.00000000
876 73 158.50000000 722.00000000
888 73 158.50000000 722.00000000
900 73 159.50000000 722.00000000
912 73 159.50000000 720.00000000
924 73 159.50000000 720.00000000
936 73 159.50000000 720.00000000
948 73 159.50000000 720.00000000
744 96 853.97000000 1098.46000000
756 96 844.46000000 1098.69000000
768 96 834.94000000 1098.91000000
780 96 825.43000000 1099.14000000
792 96 815.91000000 1099.37000000
804 96 806.40000000 1099.60000000
816 96 796.89000000 1099.83000000
828 96 787.37000000 1100.06000000
840 96 777.86000000 1100.29000000
852 96 768.34000000 1100.51000000
864 96 758.83000000 1100.74000000
876 96 749.31000000 1100.97000000
888 96 739.80000000 1101.20000000
900 96 730.29000000 1101.43000000
912 96 720.77000000 1101.66000000
924 96 711.26000000 1101.89000000
936 96 701.00000000 1098.00000000
948 96 689.50000000 1094.00000000
960 96 680.50000000 1089.50000000
972 96 669.50000000 1085.50000000
792 86 157.00000000 726.00000000
804 86 157.00000000 734.50000000
816 86 157.00000000 743.00000000
828 86 155.00000000 751.00000000
840 86 155.00000000 759.00000000
852 86 157.00000000 767.50000000
864 86 162.50000000 784.00000000
876 86 166.00000000 796.50000000
888 86 172.00000000 809.00000000
900 86 175.50000000 821.00000000
912 86 181.00000000 833.50000000
924 86 185.00000000 846.00000000
936 86 190.50000000 862.50000000
948 86 194.00000000 875.00000000
960 86 199.50000000 887.00000000
972 86 205.00000000 900.00000000
984 86 209.00000000 912.00000000
996 86 214.50000000 924.50000000
1008 86 220.00000000 941.00000000
1020 86 228.50000000 953.00000000
960 64 262.50000000 720.00000000
972 64 261.50000000 720.00000000
984 64 261.50000000 720.00000000
996 64 261.50000000 720.00000000
1008 64 259.50000000 720.00000000
1020 64 259.50000000 720.00000000
1032 64 258.50000000 720.00000000
1044 64 258.50000000 720.00000000
1056 64 258.50000000 720.00000000
1068 64 258.00000000 720.00000000
1080 64 258.00000000 720.00000000
1092 64 257.00000000 720.00000000
1104 64 257.00000000 720.00000000
1116 64 257.00000000 720.00000000
1128 64 256.00000000 718.00000000
1140 64 256.00000000 718.00000000
1152 64 255.00000000 718.00000000
1164 64 255.00000000 718.00000000
1176 64 255.00000000 718.00000000
1188 64 254.00000000 718.00000000
960 74 159.50000000 720.00000000
972 74 159.50000000 720.00000000
984 74 159.50000000 720.00000000
996 74 159.50000000 720.00000000
1008 74 159.50000000 720.00000000
1020 74 159.50000000 720.00000000
1032 74 159.50000000 720.00000000
1044 74 159.50000000 720.00000000
1056 74 159.50000000 720.00000000
1068 74 159.50000000 720.00000000
1080 74 159.50000000 720.00000000
1092 74 159.50000000 720.00000000
1104 74 158.50000000 720.00000000
1116 74 158.50000000 720.00000000
1128 74 158.50000000 718.00000000
1140 74 158.50000000 718.00000000
1152 74 158.50000000 718.00000000
1164 74 158.50000000 718.00000000
1176 74 158.50000000 718.00000000
1188 74 158.50000000 718.00000000
984 29 24.00000000 900.00000000
996 29 27.00000000 879.00000000
1008 29 33.50000000 865.00000000
1020 29 42.50000000 848.00000000
1032 29 49.50000000 833.50000000
1044 29 55.00000000 817.00000000
1056 29 62.50000000 796.50000000
1068 29 68.00000000 780.00000000
1080 29 73.50000000 763.50000000
1092 29 75.50000000 759.00000000
1104 29 79.00000000 751.00000000
1116 29 81.00000000 747.00000000
1128 29 85.00000000 734.50000000
1140 29 87.50000000 722.00000000
1152 29 90.50000000 710.00000000
1164 29 93.00000000 697.00000000
1176 29 96.50000000 685.00000000
1188 29 99.50000000 672.50000000
1200 29 103.50000000 664.00000000
1212 29 105.50000000 652.00000000
996 23 279.00000000 707.50000000
1008 23 279.00000000 707.50000000
1020 23 279.00000000 707.50000000
1032 23 279.00000000 707.50000000
1044 23 279.00000000 707.50000000
1056 23 279.00000000 707.50000000
1068 23 279.00000000 707.50000000
1080 23 279.00000000 707.50000000
1092 23 279.00000000 707.50000000
1104 23 279.00000000 707.50000000
1116 23 279.00000000 707.50000000
1128 23 279.00000000 707.50000000
1140 23 279.00000000 707.50000000
1152 23 279.00000000 707.50000000
1164 23 279.00000000 707.50000000
1176 23 279.00000000 707.50000000
1188 23 279.00000000 707.50000000
1200 23 279.00000000 707.50000000
1212 23 279.00000000 707.50000000
1224 23 279.00000000 707.50000000
996 31 184.00000000 724.00000000
1008 31 184.00000000 724.00000000
1020 31 184.00000000 724.00000000
1032 31 184.00000000 724.00000000
1044 31 184.00000000 724.00000000
1056 31 184.00000000 724.00000000
1068 31 184.00000000 724.00000000
1080 31 184.00000000 724.00000000
1092 31 184.00000000 724.00000000
1104 31 184.00000000 724.00000000
1116 31 184.00000000 724.00000000
1128 31 184.00000000 724.00000000
1140 31 184.00000000 724.00000000
1152 31 184.00000000 724.00000000
1164 31 184.00000000 724.00000000
1176 31 184.00000000 724.00000000
1188 31 184.00000000 724.00000000
1200 31 184.00000000 724.00000000
1212 31 184.00000000 724.00000000
1224 31 184.00000000 724.00000000
996 33 894.50000000 825.00000000
1008 33 901.50000000 800.50000000
1020 33 914.50000000 796.50000000
1032 33 927.50000000 788.00000000
1044 33 939.00000000 784.00000000
1056 33 952.00000000 776.00000000
1068 33 964.50000000 771.50000000
1080 33 976.00000000 763.50000000
1092 33 983.50000000 763.50000000
1104 33 990.50000000 763.50000000
1116 33 998.00000000 763.50000000
1128 33 1003.50000000 759.00000000
1140 33 1009.50000000 751.00000000
1152 33 1013.00000000 747.00000000
1164 33 1018.50000000 743.00000000
1176 33 1024.00000000 738.50000000
1188 33 1027.50000000 730.50000000
1200 33 1027.50000000 718.00000000
1212 33 1028.50000000 701.50000000
1224 33 1030.50000000 689.00000000
996 35 724.00000000 1060.00000000
1008 35 711.00000000 1040.00000000
1020 35 702.00000000 1036.00000000
1032 35 692.00000000 1036.00000000
1044 35 681.00000000 1032.00000000
1056 35 674.00000000 1032.00000000
1068 35 672.00000000 1032.00000000
1080 35 668.00000000 1032.00000000
1092 35 666.50000000 1036.00000000
1104 35 665.00000000 1036.00000000
1116 35 661.00000000 1036.00000000
1128 35 659.00000000 1040.00000000
1140 35 657.00000000 1040.00000000
1152 35 654.00000000 1040.00000000
1164 35 652.00000000 1040.00000000
1176 35 650.00000000 1040.00000000
1188 35 648.00000000 1040.00000000
1200 35 644.00000000 1038.00000000
1212 35 642.00000000 1038.00000000
1224 35 641.00000000 1036.00000000
996 37 729.00000000 1033.50000000
1008 37 715.00000000 1011.00000000
1020 37 706.00000000 1011.00000000
1032 37 698.00000000 1009.00000000
1044 37 691.50000000 1009.00000000
1056 37 691.50000000 1013.50000000
1068 37 691.50000000 1021.50000000
1080 37 691.50000000 1025.50000000
1092 37 691.50000000 1034.00000000
1104 37 689.50000000 1034.00000000
1116 37 688.00000000 1034.00000000
1128 37 686.00000000 1032.00000000
1140 37 684.00000000 1027.50000000
1152 37 681.50000000 1027.50000000
1164 37 678.50000000 1025.50000000
1176 37 676.50000000 1021.50000000
1188 37 675.00000000 1021.50000000
1200 37 673.00000000 1019.50000000
1212 37 670.00000000 1017.50000000
1224 37 668.50000000 1015.00000000
996 42 579.50000000 858.00000000
1008 42 586.00000000 858.00000000
1020 42 597.00000000 858.00000000
1032 42 608.00000000 858.00000000
1044 42 617.50000000 862.50000000
1056 42 628.50000000 867.00000000
1068 42 638.00000000 871.00000000
1080 42 649.00000000 875.00000000
1092 42 660.00000000 875.00000000
1104 42 673.00000000 871.00000000
1116 42 684.00000000 871.00000000
1128 42 695.00000000 871.00000000
1140 42 704.50000000 875.00000000
1152 42 713.50000000 875.00000000
1164 42 723.00000000 879.00000000
1176 42 732.50000000 879.00000000
1188 42 743.50000000 883.00000000
1200 42 752.50000000 883.00000000
1212 42 762.00000000 883.00000000
1224 42 773.00000000 883.00000000
996 55 270.00000000 757.00000000
1008 55 270.00000000 757.00000000
1020 55 270.00000000 757.00000000
1032 55 270.00000000 757.00000000
1044 55 270.00000000 757.00000000
1056 55 270.00000000 757.00000000
1068 55 270.00000000 757.00000000
1080 55 270.00000000 757.00000000
1092 55 270.00000000 757.00000000
1104 55 270.00000000 757.00000000
1116 55 270.00000000 757.00000000
1128 55 270.00000000 757.00000000
1140 55 270.00000000 757.00000000
1152 55 270.00000000 757.00000000
1164 55 270.00000000 757.00000000
1176 55 270.00000000 757.00000000
1188 55 270.00000000 757.00000000
1200 55 270.00000000 757.00000000
1212 55 270.00000000 757.00000000
1224 55 270.00000000 757.00000000
1032 87 234.50000000 968.00000000
1044 87 242.50000000 982.00000000
1056 87 250.50000000 995.00000000
1068 87 257.50000000 1009.00000000
1080 87 264.50000000 1021.50000000
1092 87 272.50000000 1038.00000000
1104 87 279.50000000 1050.00000000
1116 87 285.00000000 1065.00000000
1128 87 290.50000000 1081.50000000
1140 87 294.00000000 1102.00000000
1152 87 297.50000000 1118.50000000
1164 87 296.98000000 1118.19000000
1176 87 296.42000000 1117.86000000
1188 87 295.86000000 1117.52000000
1200 87 295.29000000 1117.19000000
1212 87 294.73000000 1116.85000000
1224 87 294.16000000 1116.51000000
1236 87 293.60000000 1116.18000000
1248 87 293.04000000 1115.84000000
1260 87 292.47000000 1115.51000000
1044 82 1179.00000000 1015.00000000
1056 82 1179.00000000 1015.00000000
1068 82 1179.00000000 1015.00000000
1080 82 1179.00000000 1015.00000000
1092 82 1179.00000000 1015.00000000
1104 82 1179.00000000 1015.00000000
1116 82 1179.00000000 1015.00000000
1128 82 1179.00000000 1015.00000000
1140 82 1179.00000000 1015.00000000
1152 82 1179.00000000 1015.00000000
1164 82 1179.00000000 1015.00000000
1176 82 1179.00000000 1015.00000000
1188 82 1179.00000000 1015.00000000
1200 82 1179.00000000 1015.00000000
1212 82 1179.00000000 1015.00000000
1224 82 1179.00000000 1015.00000000
1236 82 1179.00000000 1015.00000000
1248 82 1179.00000000 1015.00000000
1260 82 1179.00000000 1015.00000000
1272 82 1179.00000000 1015.00000000
1056 39 642.00000000 1122.00000000
1068 39 632.00000000 1102.00000000
1080 39 630.00000000 1102.00000000
1092 39 628.50000000 1102.00000000
1104 39 627.00000000 1102.00000000
1116 39 625.00000000 1102.00000000
1128 39 623.00000000 1102.00000000
1140 39 621.00000000 1102.00000000
1152 39 619.00000000 1102.00000000
1164 39 617.50000000 1102.00000000
1176 39 615.50000000 1102.00000000
1188 39 614.00000000 1102.00000000
1200 39 612.00000000 1102.00000000
1212 39 612.00000000 1102.00000000
1224 39 610.00000000 1102.00000000
1236 39 608.00000000 1102.00000000
1248 39 606.00000000 1102.00000000
1260 39 597.00000000 1106.00000000
1272 39 586.00000000 1106.00000000
1284 39 577.00000000 1102.00000000
1164 40 1209.00000000 732.50000000
1176 40 1193.50000000 732.50000000
1188 40 1180.50000000 732.50000000
1200 40 1169.50000000 732.50000000
1212 40 1156.50000000 732.50000000
1224 40 1145.50000000 732.50000000
1236 40 1132.50000000 732.50000000
1248 40 1119.50000000 732.50000000
1260 40 1108.50000000 728.50000000
1272 40 1095.50000000 728.50000000
1284 40 1082.50000000 728.50000000
1296 40 1069.50000000 724.00000000
1308 40 1056.50000000 724.00000000
1320 40 1042.50000000 720.00000000
1332 40 1029.50000000 720.00000000
1344 40 1016.50000000 720.00000000
1356 40 1003.50000000 716.00000000
1368 40 990.50000000 716.00000000
1380 40 977.50000000 712.00000000
1392 40 964.50000000 712.00000000
1200 65 254.00000000 718.00000000
1212 65 253.00000000 718.00000000
1224 65 253.00000000 718.00000000
1236 65 252.00000000 718.00000000
1248 65 252.00000000 718.00000000
1260 65 252.00000000 716.00000000
1272 65 251.50000000 716.00000000
1284 65 251.50000000 716.00000000
1296 65 250.50000000 716.00000000
1308 65 250.50000000 716.00000000
1320 65 250.50000000 716.00000000
1332 65 249.50000000 716.00000000
1344 65 249.50000000 716.00000000
1356 65 248.50000000 716.00000000
1368 65 248.50000000 716.00000000
1380 65 248.50000000 714.00000000
1392 65 247.50000000 714.00000000
1404 65 247.50000000 714.00000000
1416 65 246.50000000 714.00000000
1428 65 246.50000000 714.00000000
1200 75 158.50000000 718.00000000
1212 75 158.00000000 718.00000000
1224 75 158.00000000 718.00000000
1236 75 158.00000000 718.00000000
1248 75 158.00000000 718.00000000
1260 75 158.00000000 716.00000000
1272 75 158.00000000 716.00000000
1284 75 158.00000000 716.00000000
1296 75 158.00000000 716.00000000
1308 75 157.00000000 716.00000000
1320 75 157.00000000 716.00000000
1332 75 157.00000000 716.00000000
1344 75 157.00000000 716.00000000
1356 75 157.00000000 716.00000000
1368 75 157.00000000 716.00000000
1380 75 157.00000000 714.00000000
1392 75 157.00000000 714.00000000
1404 75 156.00000000 714.00000000
1416 75 156.00000000 714.00000000
1428 75 156.00000000 714.00000000
1236 24 279.00000000 707.50000000
1248 24 279.00000000 707.50000000
1260 24 279.00000000 707.50000000
1272 24 279.00000000 707.50000000
1284 24 279.00000000 707.50000000
1296 24 279.00000000 707.50000000
1308 24 279.00000000 707.50000000
1320 24 279.00000000 707.50000000
1332 24 279.00000000 707.50000000
1344 24 279.00000000 707.50000000
1356 24 279.00000000 707.50000000
1368 24 279.00000000 707.50000000
1380 24 279.00000000 707.50000000
1392 24 279.00000000 707.50000000
1404 24 279.00000000 707.50000000
1416 24 279.00000000 707.50000000
1428 24 279.00000000 707.50000000
1440 24 279.00000000 707.50000000
1452 24 279.00000000 707.50000000
1464 24 279.00000000 707.50000000
1236 32 184.00000000 724.00000000
1248 32 184.00000000 724.00000000
1260 32 184.00000000 724.00000000
1272 32 184.00000000 724.00000000
1284 32 184.00000000 724.00000000
1296 32 184.00000000 724.00000000
1308 32 184.00000000 724.00000000
1320 32 184.00000000 724.00000000
1332 32 184.00000000 724.00000000
1344 32 184.00000000 724.00000000
1356 32 184.00000000 724.00000000
1368 32 184.00000000 724.00000000
1380 32 184.00000000 724.00000000
1392 32 184.00000000 724.00000000
1404 32 184.00000000 724.00000000
1416 32 184.00000000 724.00000000
1428 32 184.00000000 724.00000000
1440 32 184.00000000 724.00000000
1452 32 184.00000000 724.00000000
1464 32 184.00000000 724.00000000
1236 34 1030.50000000 668.50000000
1248 34 1032.50000000 656.00000000
1260 34 1032.50000000 656.00000000
1272 34 1032.50000000 656.00000000
1284 34 1032.50000000 656.00000000
1296 34 1032.50000000 656.00000000
1308 34 1032.50000000 656.00000000
1320 34 1032.50000000 656.00000000
1332 34 1032.50000000 656.00000000
1344 34 1032.50000000 656.00000000
1356 34 1032.50000000 656.00000000
1368 34 1032.50000000 656.00000000
1380 34 1032.50000000 656.00000000
1392 34 1032.50000000 656.00000000
1404 34 1032.50000000 656.00000000
1416 34 1032.50000000 656.00000000
1428 34 1032.50000000 656.00000000
1440 34 1032.50000000 656.00000000
1452 34 1032.50000000 656.00000000
1464 34 1032.50000000 656.00000000
1236 36 639.00000000 1034.00000000
1248 36 637.00000000 1034.00000000
1260 36 633.00000000 1034.00000000
1272 36 631.00000000 1030.00000000
1284 36 628.00000000 1021.50000000
1296 36 624.00000000 1015.00000000
1308 36 620.00000000 1007.00000000
1320 36 616.50000000 1001.00000000
1332 36 603.50000000 999.00000000
1344 36 592.00000000 999.00000000
1356 36 581.00000000 1001.00000000
1368 36 568.00000000 1001.00000000
1380 36 552.00000000 1003.00000000
1392 36 528.00000000 1003.00000000
1404 36 503.00000000 1007.00000000
1416 36 481.00000000 1007.00000000
1428 36 459.00000000 999.00000000
1440 36 439.00000000 990.50000000
1452 36 416.00000000 982.00000000
1464 36 389.00000000 982.00000000
1236 38 666.50000000 1013.00000000
1248 38 664.50000000 1011.00000000
1260 38 662.00000000 1009.00000000
1272 38 659.00000000 1005.00000000
1284 38 650.00000000 988.00000000
1296 38 640.50000000 976.00000000
1308 38 631.00000000 960.00000000
1320 38 624.00000000 947.00000000
1332 38 609.00000000 947.00000000
1344 38 596.00000000 951.00000000
1356 38 581.00000000 951.00000000
1368 38 563.00000000 951.00000000
1380 38 544.00000000 951.00000000
1392 38 526.00000000 951.00000000
1404 38 507.00000000 951.00000000
1416 38 485.00000000 951.00000000
1428 38 464.50000000 939.00000000
1440 38 442.00000000 943.00000000
1452 38 418.00000000 947.00000000
1464 38 390.50000000 943.00000000
1236 43 784.00000000 883.00000000
1248 43 793.50000000 879.00000000
1260 43 804.50000000 875.00000000
1272 43 814.00000000 871.00000000
1284 43 823.00000000 871.00000000
1296 43 834.00000000 867.00000000
1308 43 843.50000000 862.50000000
1320 43 852.50000000 858.00000000
1332 43 864.00000000 854.00000000
1344 43 871.00000000 850.00000000
1356 43 878.50000000 842.00000000
1368 43 886.00000000 833.50000000
1380 43 893.50000000 829.50000000
1392 43 899.00000000 821.00000000
1404 43 906.50000000 813.00000000
1416 43 915.50000000 809.00000000
1428 43 925.00000000 809.00000000
1440 43 934.00000000 805.00000000
1452 43 943.50000000 805.00000000
1464 43 953.00000000 800.50000000
1236 56 270.00000000 757.00000000
1248 56 270.00000000 757.00000000
1260 56 270.00000000 757.00000000
1272 56 270.00000000 757.00000000
1284 56 270.00000000 757.00000000
1296 56 270.00000000 757.00000000
1308 56 270.00000000 757.00000000
1320 56 270.00000000 757.00000000
1332 56 270.00000000 757.00000000
1344 56 270.00000000 757.00000000
1356 56 270.00000000 757.00000000
1368 56 270.00000000 757.00000000
1380 56 270.00000000 757.00000000
1392 56 270.00000000 757.00000000
1404 56 270.00000000 757.00000000
1416 56 270.00000000 757.00000000
1428 56 270.00000000 757.00000000
1440 56 270.00000000 757.00000000
1452 56 270.00000000 757.00000000
1464 56 270.00000000 757.00000000
1272 88 291.91000000 1115.17000000
1284 88 291.35000000 1114.84000000
1296 88 290.78000000 1114.50000000
1308 88 290.22000000 1114.17000000
1320 88 289.65000000 1113.83000000
1332 88 289.09000000 1113.49000000
1344 88 288.53000000 1113.16000000
1356 88 287.96000000 1112.82000000
1368 88 287.40000000 1112.49000000
1380 88 286.84000000 1112.15000000
1392 88 286.27000000 1111.82000000
1404 88 285.71000000 1111.48000000
1416 88 285.14000000 1111.15000000
1428 88 284.58000000 1110.81000000
1440 88 284.02000000 1110.47000000
1452 88 283.45000000 1110.14000000
1464 88 282.89000000 1109.80000000
1476 88 282.33000000 1109.47000000
1488 88 281.76000000 1109.13000000
1500 88 281.20000000 1108.80000000
1284 83 1179.00000000 1015.00000000
1296 83 1179.00000000 1015.00000000
1308 83 1179.00000000 1015.00000000
1320 83 1179.00000000 1015.00000000
1332 83 1179.00000000 1015.00000000
1344 83 1179.00000000 1015.00000000
1356 83 1179.00000000 1015.00000000
1368 83 1179.00000000 1015.00000000
1380 83 1179.00000000 1015.00000000
1392 83 1179.00000000 1015.00000000
1404 83 1179.00000000 1015.00000000
1416 83 1179.00000000 1015.00000000
1428 83 1179.00000000 1015.00000000
1440 83 1179.00000000 1015.00000000
1452 83 1179.00000000 1015.00000000
1464 83 1179.00000000 1015.00000000
1476 83 1179.00000000 1015.00000000
1488 83 1179.00000000 1015.00000000
1500 83 1179.00000000 1015.00000000
1512 83 1179.00000000 1015.00000000
1308 50 497.00000000 1127.00000000
1320 50 508.00000000 1127.00000000
1332 50 519.00000000 1127.00000000
1344 50 530.00000000 1127.00000000
1356 50 542.00000000 1122.50000000
1368 50 557.00000000 1122.50000000
1380 50 570.00000000 1122.50000000
1392 50 585.00000000 1118.50000000
1404 50 596.00000000 1118.50000000
1416 50 609.00000000 1118.50000000
1428 50 620.00000000 1118.50000000
1440 50 632.75000000 1118.65000000
1452 50 644.13000000 1118.99000000
1464 50 655.52000000 1119.34000000
1476 50 666.91000000 1119.69000000
1488 50 678.30000000 1120.04000000
1500 50 689.69000000 1120.39000000
1512 50 701.08000000 1120.74000000
1524 50 712.47000000 1121.09000000
1536 50 723.86000000 1121.44000000
1392 79 11.50000000 978.00000000
1404 79 23.00000000 978.00000000
1416 79 33.00000000 980.00000000
1428 79 44.00000000 980.00000000
1440 79 57.00000000 984.00000000
1452 79 68.00000000 992.50000000
1464 79 81.00000000 997.00000000
1476 79 94.00000000 1001.00000000
1488 79 105.00000000 1005.00000000
1500 79 116.00000000 1009.00000000
1512 79 127.50000000 1005.00000000
1524 79 138.50000000 1003.00000000
1536 79 150.50000000 1003.00000000
1548 79 162.50000000 1001.00000000
1560 79 174.50000000 1001.00000000
1572 79 185.50000000 999.00000000
1584 79 197.50000000 999.00000000
1596 79 210.00000000 997.00000000
1608 79 221.00000000 997.00000000
1620 79 233.00000000 994.50000000
1404 41 952.00000000 712.00000000
1416 41 935.00000000 712.00000000
1428 41 920.50000000 712.00000000
1440 41 903.50000000 712.00000000
1452 41 889.00000000 712.00000000
1464 41 872.00000000 712.00000000
1476 41 857.50000000 712.00000000
1488 41 840.50000000 712.00000000
1500 41 826.00000000 712.00000000
1512 41 813.00000000 714.00000000
1524 41 801.00000000 720.00000000
1536 41 789.50000000 722.50000000
1548 41 776.50000000 726.50000000
1560 41 764.00000000 726.50000000
1572 41 750.00000000 726.50000000
1584 41 737.00000000 726.50000000
1596 41 722.00000000 726.50000000
1608 41 709.00000000 726.50000000
1620 41 694.50000000 722.50000000
1632 41 679.50000000 722.50000000
1440 66 246.50000000 714.00000000
1452 66 245.50000000 714.00000000
1464 66 245.50000000 714.00000000
1476 66 245.00000000 714.00000000
1488 66 245.00000000 714.00000000
1500 66 245.00000000 714.00000000
1512 66 243.50000000 714.00000000
1524 66 243.50000000 714.00000000
1536 66 243.50000000 714.00000000
1548 66 243.50000000 716.00000000
1560 66 243.50000000 716.00000000
1572 66 243.50000000 716.00000000
1584 66 242.50000000 718.00000000
1596 66 242.50000000 718.00000000
1608 66 241.50000000 718.00000000
1620 66 241.50000000 720.00000000
1632 66 241.50000000 720.00000000
1644 66 241.50000000 720.00000000
1656 66 241.50000000 722.00000000
1668 66 240.50000000 722.00000000
1440 76 156.00000000 714.00000000
1452 76 156.00000000 714.00000000
1464 76 156.00000000 714.00000000
1476 76 156.00000000 714.00000000
1488 76 156.00000000 714.00000000
1500 76 156.00000000 714.00000000
1512 76 156.00000000 714.00000000
1524 76 157.00000000 714.00000000
1536 76 159.00000000 714.00000000
1548 76 160.00000000 718.00000000
1560 76 160.00000000 718.00000000
1572 76 162.00000000 718.00000000
1584 76 163.00000000 722.00000000
1596 76 163.50000000 722.00000000
1608 76 165.00000000 722.00000000
1620 76 165.00000000 726.00000000
1632 76 166.00000000 726.00000000
1644 76 168.00000000 726.00000000
1656 76 169.00000000 726.00000000
1668 76 170.00000000 730.50000000
1476 44 962.00000000 800.50000000
1488 44 971.50000000 796.50000000
1500 44 980.50000000 796.50000000
1512 44 989.00000000 790.00000000
1524 44 997.50000000 786.00000000
1536 44 1006.50000000 782.00000000
1548 44 1014.50000000 778.00000000
1560 44 1024.00000000 776.00000000
1572 44 1033.50000000 767.50000000
1584 44 1044.50000000 759.00000000
1596 44 1053.50000000 755.00000000
1608 44 1063.00000000 751.00000000
1620 44 1072.00000000 747.00000000
1632 44 1079.50000000 738.50000000
1644 44 1089.00000000 730.50000000
1656 44 1100.00000000 730.50000000
1668 44 1113.00000000 734.50000000
1680 44 1126.00000000 743.00000000
1692 44 1133.50000000 734.50000000
1704 44 1142.50000000 730.50000000
1476 57 270.00000000 757.00000000
1488 57 270.00000000 757.00000000
1500 57 270.00000000 757.00000000
1512 57 270.00000000 755.00000000
1524 57 270.00000000 755.00000000
1536 57 270.00000000 755.00000000
1548 57 270.00000000 753.00000000
1560 57 270.00000000 753.00000000
1572 57 270.00000000 753.00000000
1584 57 270.00000000 753.00000000
1596 57 270.00000000 751.00000000
1608 57 270.00000000 751.00000000
1620 57 270.00000000 751.00000000
1632 57 270.00000000 753.00000000
1644 57 270.00000000 751.00000000
1656 57 270.00000000 751.00000000
1668 57 270.00000000 751.00000000
1680 57 270.00000000 751.00000000
1692 57 270.00000000 749.00000000
1704 57 270.00000000 749.00000000
1500 46 967.50000000 1116.50000000
1512 46 957.50000000 1112.50000000
1524 46 948.00000000 1108.50000000
1536 46 938.00000000 1106.50000000
1548 46 928.50000000 1106.50000000
1560 46 919.50000000 1106.50000000
1572 46 909.50000000 1106.50000000
1584 46 899.00000000 1106.50000000
1596 46 889.00000000 1106.50000000
1608 46 876.51000000 1108.42000000
1620 46 862.52000000 1110.97000000
1632 46 848.53000000 1113.52000000
1644 46 834.54000000 1116.08000000
1656 46 820.55000000 1118.63000000
1668 46 806.56000000 1121.19000000
1680 46 792.57000000 1123.74000000
1692 46 778.58000000 1126.30000000
1704 46 764.59000000 1128.85000000
1716 46 750.60000000 1131.41000000
1728 46 736.61000000 1133.96000000
1500 48 917.00000000 1104.50000000
1512 48 909.00000000 1099.50000000
1524 48 904.00000000 1099.50000000
1536 48 898.00000000 1099.50000000
1548 48 889.00000000 1095.50000000
1560 48 879.50000000 1095.50000000
1572 48 870.00000000 1091.50000000
1584 48 861.00000000 1091.50000000
1596 48 852.00000000 1087.50000000
1608 48 842.50000000 1087.50000000
1620 48 820.00000000 1083.50000000
1632 48 796.00000000 1083.50000000
1644 48 770.00000000 1083.50000000
1656 48 755.50000000 1079.50000000
1668 48 752.00000000 1079.50000000
1680 48 748.00000000 1079.50000000
1692 48 744.00000000 1079.50000000
1704 48 741.00000000 1079.50000000
1716 48 735.00000000 1079.50000000
1728 48 731.00000000 1079.50000000
1500 51 705.50000000 1081.50000000
1512 51 698.00000000 1081.50000000
1524 51 690.50000000 1085.50000000
1536 51 685.00000000 1085.50000000
1548 51 677.50000000 1089.50000000
1560 51 672.00000000 1089.50000000
1572 51 664.50000000 1094.00000000
1584 51 657.00000000 1094.00000000
1596 51 651.50000000 1098.00000000
1608 51 644.50000000 1098.00000000
1620 51 633.00000000 1098.00000000
1632 51 620.00000000 1098.00000000
1644 51 609.00000000 1098.00000000
1656 51 596.00000000 1098.00000000
1668 51 583.00000000 1098.00000000
1680 51 572.00000000 1094.00000000
1692 51 559.00000000 1094.00000000
1704 51 546.00000000 1094.00000000
1716 51 535.00000000 1094.00000000
1728 51 522.00000000 1094.00000000
1500 53 34.00000000 1064.50000000
1512 53 34.00000000 1064.50000000
1524 53 34.00000000 1064.50000000
1536 53 34.50000000 1064.50000000
1548 53 34.50000000 1064.50000000
1560 53 34.50000000 1064.50000000
1572 53 36.50000000 1060.50000000
1584 53 36.50000000 1056.50000000
1596 53 34.50000000 1052.50000000
1608 53 34.50000000 1052.50000000
1620 53 34.50000000 1052.50000000
1632 53 34.50000000 1052.50000000
1644 53 34.50000000 1052.50000000
1656 53 34.50000000 1052.50000000
1668 53 34.50000000 1052.50000000
1680 53 34.50000000 1052.50000000
1692 53 34.50000000 1052.50000000
1704 53 34.50000000 1052.50000000
1716 53 34.50000000 1052.50000000
1728 53 33.00000000 1048.50000000
1512 89 280.63000000 1108.46000000
1524 89 280.07000000 1108.13000000
1536 89 279.51000000 1107.79000000
1548 89 278.94000000 1107.45000000
1560 89 278.38000000 1107.12000000
1572 89 277.82000000 1106.78000000
1584 89 277.25000000 1106.45000000
1596 89 276.69000000 1106.11000000
1608 89 271.00000000 1106.00000000
1620 89 261.50000000 1108.50000000
1632 89 254.50000000 1112.50000000
1644 89 247.00000000 1114.50000000
1656 89 238.22000000 1114.35000000
1668 89 230.02000000 1114.10000000
1680 89 221.82000000 1113.85000000
1692 89 213.62000000 1113.60000000
1704 89 205.42000000 1113.35000000
1716 89 197.22000000 1113.10000000
1728 89 189.02000000 1112.85000000
1740 89 180.82000000 1112.59000000
1524 84 1179.00000000 1015.00000000
1536 84 1179.00000000 1015.00000000
1548 84 1179.00000000 1015.00000000
1560 84 1179.00000000 1015.00000000
1572 84 1180.00000000 1015.00000000
1584 84 1180.00000000 1017.00000000
1596 84 1180.00000000 1017.00000000
1608 84 1180.00000000 1017.00000000
1620 84 1180.00000000 1017.00000000
1632 84 1180.00000000 1017.00000000
1644 84 1180.50000000 1017.00000000
1656 84 1180.50000000 1017.00000000
1668 84 1180.50000000 1019.50000000
1680 84 1180.50000000 1019.50000000
1692 84 1180.50000000 1019.50000000
1704 84 1180.50000000 1019.50000000
1716 84 1181.50000000 1019.50000000
1728 84 1181.50000000 1019.50000000
1740 84 1181.50000000 1019.50000000
1752 84 1181.50000000 1021.50000000
1632 80 244.00000000 994.50000000
1644 80 253.50000000 999.00000000
1656 80 259.00000000 1011.00000000
1668 80 264.50000000 1023.50000000
1680 80 270.00000000 1036.00000000
1692 80 281.00000000 1046.50000000
1704 80 294.00000000 1058.50000000
1716 80 309.00000000 1062.50000000
1728 80 322.00000000 1062.50000000
1740 80 333.00000000 1062.50000000
1752 80 344.00000000 1062.50000000
1764 80 355.50000000 1062.50000000
1776 80 366.50000000 1062.50000000
1788 80 379.50000000 1058.50000000
1800 80 392.50000000 1058.50000000
1812 80 405.50000000 1054.50000000
1824 80 418.50000000 1054.50000000
1836 80 429.50000000 1050.50000000
1848 80 440.50000000 1050.50000000
1860 80 451.50000000 1046.50000000
1680 67 240.50000000 722.00000000
1692 67 240.50000000 722.00000000
1704 67 239.50000000 724.00000000
1716 67 239.50000000 724.00000000
1728 67 239.50000000 724.00000000
1740 67 239.50000000 726.00000000
1752 67 238.50000000 726.00000000
1764 67 238.50000000 726.00000000
1776 67 238.50000000 728.50000000
1788 67 238.50000000 728.50000000
1800 67 238.50000000 728.50000000
1812 67 237.50000000 730.50000000
1824 67 237.50000000 730.50000000
1836 67 236.50000000 730.50000000
1848 67 236.50000000 732.50000000
1860 67 236.50000000 732.50000000
1872 67 236.50000000 732.50000000
1884 67 236.50000000 732.50000000
1896 67 236.50000000 734.50000000
1908 67 235.50000000 734.50000000
1680 77 171.00000000 730.50000000
1692 77 172.00000000 730.50000000
1704 77 173.50000000 734.50000000
1716 77 173.50000000 734.50000000
1728 77 173.50000000 734.50000000
1740 77 173.50000000 734.50000000
1752 77 173.50000000 734.50000000
1764 77 173.50000000 734.50000000
1776 77 173.50000000 734.50000000
1788 77 173.50000000 734.50000000
1800 77 173.50000000 734.50000000
1812 77 173.50000000 734.50000000
1824 77 173.50000000 734.50000000
1836 77 173.50000000 734.50000000
1848 77 173.50000000 734.50000000
1860 77 173.50000000 734.50000000
1872 77 173.50000000 734.50000000
1884 77 173.50000000 734.50000000
1896 77 173.50000000 734.50000000
1908 77 173.50000000 734.50000000
1716 45 1154.00000000 730.50000000
1728 45 1165.00000000 730.50000000
1740 45 1176.00000000 734.50000000
1752 45 1187.00000000 738.50000000
1764 45 1204.00000000 738.50000000
1776 45 1215.00000000 738.50000000
1788 45 1220.50000000 738.50000000
1800 45 1236.50000000 738.50000000
1812 45 1254.50000000 747.00000000
1824 45 1252.00000000 747.00000000
1836 45 1257.50000000 747.00000000
1848 45 1270.50000000 749.00000000
1860 45 1268.50000000 747.00000000
1872 45 1268.50000000 747.00000000
1884 45 1268.50000000 747.00000000
1896 45 1268.50000000 747.00000000
1908 45 1268.50000000 747.00000000
1920 45 1268.50000000 747.00000000
1932 45 1268.50000000 747.00000000
1944 45 1268.50000000 747.00000000
1716 58 270.00000000 749.00000000
1728 58 270.00000000 747.00000000
1740 58 270.00000000 747.00000000
1752 58 270.00000000 749.00000000
1764 58 270.00000000 749.00000000
1776 58 270.00000000 747.00000000
1788 58 270.00000000 747.00000000
1800 58 270.00000000 747.00000000
1812 58 270.00000000 747.00000000
1824 58 270.00000000 744.50000000
1836 58 270.00000000 744.50000000
1848 58 270.00000000 744.50000000
1860 58 270.00000000 744.50000000
1872 58 270.00000000 742.50000000
1884 58 270.00000000 744.50000000
1896 58 270.00000000 744.50000000
1908 58 270.00000000 744.50000000
1920 58 270.00000000 742.50000000
1932 58 270.00000000 742.50000000
1944 58 270.00000000 742.50000000
1740 47 722.62000000 1136.51000000
1752 47 708.63000000 1139.07000000
1764 47 694.64000000 1141.62000000
1776 47 680.65000000 1144.18000000
1788 47 666.66000000 1146.73000000
1800 47 652.67000000 1149.29000000
1812 47 642.50000000 1145.50000000
1824 47 633.00000000 1141.50000000
1836 47 624.00000000 1137.00000000
1848 47 614.50000000 1137.00000000
1860 47 603.50000000 1133.00000000
1872 47 594.50000000 1128.50000000
1884 47 585.00000000 1124.50000000
1896 47 575.50000000 1124.50000000
1908 47 564.50000000 1124.50000000
1920 47 553.50000000 1124.50000000
1932 47 540.50000000 1120.50000000
1944 47 529.50000000 1120.50000000
1956 47 518.50000000 1120.50000000
1968 47 503.50000000 1112.50000000
1740 49 728.00000000 1079.50000000
1752 49 724.00000000 1079.50000000
1764 49 718.00000000 1079.50000000
1776 49 715.00000000 1079.50000000
1788 49 703.50000000 1075.50000000
1800 49 689.00000000 1075.50000000
1812 49 672.00000000 1071.50000000
1824 49 659.00000000 1071.50000000
1836 49 653.50000000 1071.50000000
1848 49 646.00000000 1071.50000000
1860 49 640.50000000 1071.50000000
1872 49 633.00000000 1071.50000000
1884 49 625.00000000 1069.00000000
1896 49 614.50000000 1069.00000000
1908 49 603.50000000 1069.00000000
1920 49 594.50000000 1071.00000000
1932 49 579.50000000 1071.00000000
1944 49 568.50000000 1071.00000000
1956 49 559.00000000 1075.50000000
1968 49 549.50000000 1075.50000000
1740 52 511.00000000 1094.00000000
1752 52 496.00000000 1094.00000000
1764 52 481.00000000 1094.00000000
1776 52 466.50000000 1098.00000000
1788 52 451.50000000 1098.00000000
1800 52 438.34000000 1097.96000000
1812 52 436.38000000 1097.49000000
1824 52 434.42000000 1097.01000000
1836 52 432.46000000 1096.53000000
1848 52 430.50000000 1096.06000000
1860 52 428.53000000 1095.58000000
1872 52 426.57000000 1095.11000000
1884 52 424.61000000 1094.63000000
1896 52 422.65000000 1094.16000000
1908 52 405.00000000 1089.50000000
1920 52 383.00000000 1089.50000000
1932 52 361.00000000 1085.50000000
1944 52 338.50000000 1085.50000000
1956 52 316.50000000 1085.50000000
1968 52 294.00000000 1081.50000000
1740 54 33.00000000 1048.50000000
1752 54 33.00000000 1048.50000000
1764 54 33.00000000 1048.50000000
1776 54 33.00000000 1048.50000000
1788 54 33.00000000 1048.50000000
1800 54 33.00000000 1048.50000000
1812 54 33.00000000 1048.50000000
1824 54 33.00000000 1048.50000000
1836 54 33.00000000 1048.50000000
1848 54 33.00000000 1048.50000000
1860 54 33.00000000 1048.50000000
1872 54 31.00000000 1044.50000000
1884 54 31.00000000 1044.50000000
1896 54 31.00000000 1044.50000000
1908 54 31.00000000 1044.50000000
1920 54 31.00000000 1044.50000000
1932 54 31.00000000 1044.50000000
1944 54 31.00000000 1044.50000000
1956 54 31.00000000 1044.50000000
1968 54 31.00000000 1044.50000000
1752 90 172.63000000 1112.34000000
1764 90 164.43000000 1112.09000000
1776 90 156.23000000 1111.84000000
1788 90 148.03000000 1111.59000000
1800 90 139.83000000 1111.34000000
1812 90 131.63000000 1111.09000000
1824 90 123.43000000 1110.84000000
1836 90 115.23000000 1110.58000000
1848 90 112.50000000 1110.50000000
1860 90 114.56000000 1110.56000000
1872 90 114.74000000 1110.74000000
1884 90 114.92000000 1110.92000000
1896 90 115.10000000 1111.10000000
1908 90 115.28000000 1111.28000000
1920 90 115.46000000 1111.46000000
1932 90 115.64000000 1111.64000000
1944 90 115.82000000 1111.82000000
1956 90 116.00000000 1112.00000000
1968 90 116.18000000 1112.18000000
1980 90 116.35000000 1112.35000000
1764 85 1181.50000000 1021.50000000
1776 85 1181.50000000 1021.50000000
1788 85 1182.50000000 1021.50000000
1800 85 1182.50000000 1021.50000000
1812 85 1182.50000000 1021.50000000
1824 85 1182.50000000 1021.50000000
1836 85 1182.50000000 1023.50000000
1848 85 1182.50000000 1023.50000000
1860 85 1183.50000000 1023.50000000
1872 85 1183.50000000 1023.50000000
1884 85 1183.50000000 1023.50000000
1896 85 1183.50000000 1023.50000000
1908 85 1183.50000000 1023.50000000
1920 85 1183.50000000 1025.50000000
1932 85 1184.50000000 1025.50000000
1944 85 1184.50000000 1025.50000000
1956 85 1184.50000000 1025.50000000
1968 85 1184.50000000 1025.50000000
1980 85 1184.50000000 1025.50000000
1992 85 1184.50000000 1025.50000000
1872 81 462.50000000 1046.50000000
1884 81 473.50000000 1042.50000000
1896 81 485.00000000 1042.50000000
1908 81 496.00000000 1038.00000000
1920 81 507.00000000 1038.00000000
1932 81 518.50000000 1038.00000000
1944 81 531.50000000 1038.00000000
1956 81 544.50000000 1038.00000000
1968 81 557.50000000 1042.50000000
1980 81 568.50000000 1042.50000000
1992 81 581.50000000 1042.50000000
2004 81 592.50000000 1050.50000000
2016 81 600.50000000 1069.00000000
2028 81 612.00000000 1085.50000000
2040 81 619.50000000 1089.50000000
2052 81 626.50000000 1102.00000000
2064 81 632.00000000 1102.00000000
2076 81 641.50000000 1102.00000000
2088 81 645.00000000 1102.00000000
2100 81 660.26000000 1103.42000000
1920 68 234.50000000 734.50000000
1932 68 234.50000000 736.50000000
1944 68 234.50000000 736.50000000
1956 68 234.50000000 736.50000000
1968 68 234.50000000 738.50000000
1980 68 234.50000000 738.50000000
1992 68 234.50000000 738.50000000
2004 68 234.50000000 738.50000000
2016 68 234.50000000 738.50000000
2028 68 235.50000000 738.50000000
2040 68 235.50000000 740.50000000
2052 68 236.50000000 738.50000000
2064 68 236.50000000 738.50000000
2076 68 238.50000000 740.50000000
2088 68 238.50000000 738.50000000
2100 68 239.50000000 738.50000000
2112 68 240.50000000 740.50000000
2124 68 240.50000000 738.50000000
2136 68 242.00000000 741.00000000
2148 68 242.00000000 741.00000000
1920 78 173.50000000 734.50000000
1932 78 173.50000000 734.50000000
1944 78 173.50000000 734.50000000
1956 78 173.50000000 734.50000000
1968 78 173.50000000 734.50000000
1980 78 173.50000000 734.50000000
1992 78 173.50000000 734.50000000
2004 78 173.00000000 734.50000000
2016 78 173.00000000 734.50000000
2028 78 173.00000000 734.50000000
2040 78 173.00000000 734.50000000
2052 78 174.00000000 736.50000000
2064 78 174.00000000 736.50000000
2076 78 174.00000000 736.50000000
2088 78 174.00000000 739.00000000
2100 78 174.00000000 739.00000000
2112 78 175.00000000 739.00000000
2124 78 175.00000000 741.00000000
2136 78 175.00000000 741.00000000
2148 78 175.00000000 741.00000000
1944 69 1039.00000000 699.50000000
1956 69 1044.50000000 699.50000000
1968 69 1051.50000000 699.50000000
1980 69 1059.50000000 699.50000000
1992 69 1064.50000000 699.50000000
2004 69 1072.50000000 699.50000000
2016 69 1081.50000000 705.50000000
2028 69 1089.00000000 709.50000000
2040 69 1098.50000000 709.50000000
2052 69 1109.50000000 709.50000000
2064 69 1120.50000000 714.00000000
2076 69 1133.50000000 714.00000000
2088 69 1144.50000000 714.00000000
2100 69 1153.50000000 714.00000000
2112 69 1163.00000000 714.00000000
2124 69 1170.50000000 722.00000000
2136 69 1185.50000000 726.50000000
2148 69 1196.50000000 726.50000000
2160 69 1209.50000000 726.50000000
2172 69 1222.50000000 726.50000000
1956 59 270.00000000 740.50000000
1968 59 270.00000000 740.50000000
1980 59 270.00000000 740.50000000
1992 59 270.00000000 740.50000000
2004 59 270.00000000 740.50000000
2016 59 270.00000000 740.50000000
2028 59 270.00000000 742.50000000
2040 59 270.00000000 740.50000000
2052 59 270.00000000 742.50000000
2064 59 270.00000000 740.50000000
2076 59 270.00000000 742.50000000
2088 59 270.00000000 740.50000000
2100 59 270.00000000 740.50000000
2112 59 269.00000000 743.00000000
2124 59 269.00000000 741.00000000
2136 59 269.00000000 743.00000000
2148 59 269.00000000 741.00000000
2160 59 269.00000000 743.00000000
2172 59 269.00000000 743.00000000
2184 59 269.00000000 743.00000000
