24 18 1313.00000000 1480.00000000
36 18 1307.00000000 1445.00000000
48 18 1306.00000000 1426.00000000
60 18 1306.00000000 1409.00000000
72 18 1305.00000000 1388.50000000
84 18 1305.00000000 1371.50000000
96 18 1304.50000000 1355.00000000
108 18 1303.50000000 1336.00000000
120 18 1303.50000000 1319.50000000
132 18 1303.50000000 1302.50000000
144 18 1304.50000000 1285.50000000
156 18 1305.50000000 1273.00000000
168 18 1307.00000000 1256.50000000
180 18 1308.00000000 1239.50000000
192 18 1308.00000000 1227.00000000
204 18 1308.00000000 1210.50000000
216 18 1307.00000000 1193.50000000
228 18 1307.00000000 1176.50000000
240 18 1308.00000000 1164.00000000
252 18 1309.00000000 1156.00000000
108 20 252.50000000 887.50000000
120 20 241.50000000 887.50000000
132 20 230.50000000 892.00000000
144 20 219.50000000 892.00000000
156 20 208.50000000 896.00000000
168 20 197.50000000 900.50000000
180 20 193.50000000 900.50000000
192 20 192.00000000 904.50000000
204 20 190.00000000 904.50000000
216 20 188.50000000 908.50000000
228 20 186.50000000 913.00000000
240 20 184.50000000 913.00000000
252 20 182.50000000 917.00000000
264 20 181.00000000 917.00000000
276 20 179.00000000 921.50000000
288 20 177.50000000 925.50000000
300 20 175.50000000 925.50000000
312 20 175.50000000 929.50000000
324 20 175.50000000 929.50000000
336 20 175.50000000 929.50000000
120 21 1304.50000000 1507.50000000
132 21 1296.50000000 1474.50000000
144 21 1291.50000000 1440.50000000
156 21 1285.50000000 1407.50000000
168 21 1280.50000000 1373.50000000
180 21 1273.50000000 1344.50000000
192 21 1267.50000000 1311.00000000
204 21 1261.50000000 1277.50000000
216 21 1260.50000000 1252.50000000
228 21 1260.50000000 1223.00000000
240 21 1260.50000000 1197.50000000
252 21 1260.50000000 1172.50000000
264 21 1256.50000000 1147.50000000
276 21 1238.50000000 1130.50000000
288 21 1219.50000000 1114.00000000
300 21 1201.50000000 1097.00000000
312 21 1171.50000000 1084.50000000
324 21 1127.50000000 1076.50000000
336 21 1096.50000000 1072.00000000
348 21 1072.50000000 1072.00000000
336 2 530.00000000 1976.50000000
348 2 532.00000000 1952.00000000
360 2 533.50000000 1935.00000000
372 2 535.50000000 1918.50000000
384 2 539.00000000 1901.50000000
396 2 541.00000000 1884.50000000
408 2 544.50000000 1868.00000000
420 2 546.50000000 1851.50000000
432 2 550.00000000 1834.50000000
444 2 552.00000000 1817.50000000
456 2 554.00000000 1801.00000000
468 2 557.50000000 1784.50000000
480 2 559.50000000 1767.50000000
492 2 563.00000000 1750.50000000
504 2 565.00000000 1736.50000000
516 2 566.00000000 1723.50000000
528 2 567.00000000 1711.00000000
540 2 568.00000000 1698.50000000
552 2 568.50000000 1683.50000000
564 2 569.50000000 1673.00000000
360 22 1046.50000000 1068.00000000
372 22 1022.50000000 1068.00000000
384 22 996.50000000 1068.00000000
396 22 972.50000000 1063.50000000
408 22 947.50000000 1063.50000000
420 22 923.50000000 1063.50000000
432 22 897.50000000 1059.50000000
444 22 871.50000000 1059.50000000
456 22 847.50000000 1055.50000000
468 22 821.50000000 1055.50000000
480 22 797.50000000 1055.50000000
492 22 777.50000000 1030.50000000
504 22 758.50000000 1007.00000000
516 22 737.00000000 986.00000000
528 22 717.00000000 965.00000000
540 22 696.00000000 944.00000000
552 22 674.00000000 923.00000000
564 22 653.00000000 902.50000000
576 22 629.00000000 898.00000000
588 22 605.00000000 894.00000000
576 3 570.50000000 1652.50000000
588 3 570.50000000 1631.50000000
600 3 572.50000000 1610.50000000
612 3 572.50000000 1589.50000000
624 3 572.50000000 1564.50000000
636 3 574.00000000 1543.50000000
648 3 574.00000000 1522.50000000
660 3 576.00000000 1501.50000000
672 3 576.00000000 1489.00000000
684 3 578.00000000 1476.50000000
696 3 578.00000000 1464.00000000
708 3 579.50000000 1451.00000000
720 3 581.50000000 1443.00000000
732 3 581.50000000 1426.00000000
744 3 583.50000000 1413.50000000
756 3 583.50000000 1401.00000000
768 3 585.00000000 1388.50000000
780 3 585.00000000 1376.00000000
792 3 592.50000000 1355.00000000
804 3 600.00000000 1329.50000000
756 15 1319.00000000 1479.50000000
768 15 1298.00000000 1459.50000000
780 15 1296.00000000 1459.50000000
792 15 1270.50000000 1451.50000000
804 15 1255.50000000 1447.00000000
816 15 1241.00000000 1442.50000000
828 15 1226.00000000 1436.50000000
840 15 1211.50000000 1432.50000000
852 15 1196.50000000 1428.50000000
864 15 1180.00000000 1419.50000000
876 15 1163.50000000 1411.50000000
888 15 1147.00000000 1403.00000000
900 15 1130.50000000 1394.50000000
912 15 1113.50000000 1390.50000000
924 15 1097.00000000 1390.50000000
936 15 1078.50000000 1390.50000000
948 15 1062.00000000 1386.50000000
960 15 1045.50000000 1386.50000000
972 15 1029.00000000 1386.50000000
984 15 1010.50000000 1386.50000000
816 4 609.00000000 1306.50000000
828 4 616.50000000 1281.50000000
840 4 625.50000000 1256.50000000
852 4 635.00000000 1235.50000000
864 4 635.00000000 1214.50000000
876 4 635.00000000 1193.50000000
888 4 635.00000000 1177.00000000
900 4 636.50000000 1164.00000000
912 4 636.50000000 1147.50000000
924 4 638.50000000 1135.00000000
936 4 640.50000000 1122.00000000
948 4 642.50000000 1105.50000000
960 4 642.50000000 1093.00000000
972 4 644.00000000 1080.50000000
984 4 648.00000000 1063.50000000
996 4 653.50000000 1047.00000000
1008 4 655.00000000 1028.00000000
1020 4 657.00000000 1009.50000000
1032 4 658.00000000 988.50000000
1044 4 660.00000000 971.50000000
996 16 992.00000000 1386.50000000
1008 16 974.50000000 1384.50000000
1020 16 958.50000000 1384.00000000
1032 16 941.50000000 1382.00000000
1044 16 926.00000000 1382.00000000
1056 16 909.00000000 1382.00000000
1068 16 892.50000000 1380.00000000
1080 16 876.00000000 1377.50000000
1092 16 859.50000000 1377.50000000
1104 16 843.00000000 1373.50000000
1116 16 828.00000000 1373.50000000
1128 16 811.50000000 1373.50000000
1140 16 793.00000000 1369.50000000
1152 16 776.50000000 1369.50000000
1164 16 758.00000000 1369.50000000
1176 16 740.00000000 1369.50000000
1188 16 721.50000000 1369.50000000
1200 16 703.00000000 1369.50000000
1212 16 686.50000000 1369.50000000
1224 16 668.00000000 1369.50000000
1092 7 362.00000000 1103.50000000
1104 7 352.00000000 1111.50000000
1116 7 350.50000000 1124.50000000
1128 7 348.50000000 1141.50000000
1140 7 346.50000000 1153.50000000
1152 7 345.00000000 1166.50000000
1164 7 343.00000000 1183.00000000
1176 7 345.00000000 1195.50000000
1188 7 348.50000000 1212.50000000
1200 7 352.00000000 1229.50000000
1212 7 356.00000000 1246.00000000
1224 7 359.50000000 1258.50000000
1236 7 365.00000000 1275.50000000
1248 7 368.50000000 1292.00000000
1260 7 368.50000000 1304.50000000
1272 7 368.50000000 1321.50000000
1284 7 368.50000000 1333.50000000
1296 7 368.50000000 1350.50000000
1308 7 372.50000000 1363.50000000
1320 7 383.50000000 1380.00000000
1092 10 1300.50000000 1507.50000000
1104 10 1289.50000000 1503.50000000
1116 10 1277.00000000 1499.50000000
1128 10 1265.50000000 1491.00000000
1140 10 1253.00000000 1487.00000000
1152 10 1238.00000000 1478.50000000
1164 10 1223.00000000 1470.00000000
1176 10 1208.50000000 1466.00000000
1188 10 1195.50000000 1457.50000000
1200 10 1179.00000000 1453.50000000
1212 10 1162.50000000 1453.50000000
1224 10 1144.00000000 1453.50000000
1236 10 1127.50000000 1453.50000000
1248 10 1109.00000000 1449.00000000
1260 10 1092.50000000 1449.00000000
1272 10 1074.00000000 1449.00000000
1284 10 1057.50000000 1449.00000000
1296 10 1041.00000000 1449.00000000
1308 10 1024.50000000 1449.00000000
1320 10 1008.00000000 1449.00000000
1104 5 1304.50000000 619.50000000
1116 5 1298.50000000 611.00000000
1128 5 1293.50000000 607.00000000
1140 5 1287.50000000 607.00000000
1152 5 1286.30000000 608.13000000
1164 5 1286.82000000 610.05000000
1176 5 1287.33000000 611.98000000
1188 5 1287.85000000 613.91000000
1200 5 1288.36000000 615.84000000
1212 5 1288.88000000 617.77000000
1224 5 1289.40000000 619.70000000
1236 5 1289.91000000 621.63000000
1248 5 1290.43000000 623.56000000
1260 5 1290.94000000 625.49000000
1272 5 1291.46000000 627.41000000
1284 5 1291.98000000 629.34000000
1296 5 1292.49000000 631.27000000
1308 5 1293.01000000 633.20000000
1320 5 1293.52000000 635.13000000
1332 5 1294.04000000 637.06000000
1236 17 651.50000000 1369.50000000
1248 17 633.00000000 1369.50000000
1260 17 616.50000000 1369.50000000
1272 17 598.00000000 1369.50000000
1284 17 581.50000000 1369.50000000
1296 17 563.00000000 1369.50000000
1308 17 548.50000000 1365.50000000
1320 17 533.50000000 1365.50000000
1332 17 519.00000000 1365.50000000
1344 17 502.00000000 1365.50000000
1356 17 487.50000000 1361.50000000
1368 17 469.00000000 1361.50000000
1380 17 452.50000000 1361.50000000
1392 17 436.00000000 1361.50000000
1404 17 419.50000000 1361.50000000
1416 17 401.00000000 1361.50000000
1428 17 382.50000000 1365.50000000
1440 17 362.50000000 1373.50000000
1452 17 344.00000000 1377.50000000
1464 17 329.00000000 1373.50000000
1332 8 394.50000000 1388.50000000
1344 8 405.50000000 1401.00000000
1356 8 416.50000000 1409.50000000
1368 8 427.50000000 1417.50000000
1380 8 442.50000000 1421.50000000
1392 8 457.00000000 1430.50000000
1404 8 470.00000000 1434.50000000
1416 8 484.50000000 1442.50000000
1428 8 496.00000000 1451.50000000
1440 8 505.00000000 1463.50000000
1452 8 514.50000000 1476.50000000
1464 8 523.50000000 1489.00000000
1476 8 532.50000000 1501.50000000
1488 8 532.50000000 1514.00000000
1500 8 532.50000000 1526.50000000
1512 8 530.00000000 1539.50000000
1524 8 528.00000000 1554.00000000
1536 8 526.00000000 1568.50000000
1548 8 525.00000000 1583.00000000
1560 8 523.50000000 1598.00000000
1332 11 991.00000000 1449.00000000
1344 11 974.50000000 1449.00000000
1356 11 960.00000000 1449.00000000
1368 11 949.00000000 1449.00000000
1380 11 938.00000000 1449.00000000
1392 11 927.00000000 1449.00000000
1404 11 916.00000000 1449.00000000
1416 11 903.00000000 1445.00000000
1428 11 879.00000000 1436.50000000
1440 11 855.00000000 1428.00000000
1452 11 831.00000000 1419.50000000
1464 11 809.00000000 1415.50000000
1476 11 794.00000000 1415.50000000
1488 11 779.50000000 1419.50000000
1500 11 765.00000000 1424.00000000
1512 11 719.50000000 1430.50000000
1524 11 714.00000000 1426.00000000
1536 11 697.50000000 1426.00000000
1548 11 682.50000000 1426.00000000
1560 11 668.00000000 1426.00000000
1344 6 1294.56000000 638.99000000
1356 6 1295.07000000 640.92000000
1368 6 1295.59000000 642.85000000
1380 6 1296.10000000 644.78000000
1392 6 1296.62000000 646.70000000
1404 6 1297.13000000 648.63000000
1416 6 1297.65000000 650.56000000
1428 6 1298.17000000 652.49000000
1440 6 1298.68000000 654.42000000
1452 6 1299.20000000 656.35000000
1464 6 1299.71000000 658.28000000
1476 6 1300.23000000 660.21000000
1488 6 1300.75000000 662.14000000
1500 6 1301.26000000 664.07000000
1512 6 1301.78000000 665.99000000
1524 6 1302.29000000 667.92000000
1536 6 1302.81000000 669.85000000
1548 6 1303.33000000 671.78000000
1560 6 1303.84000000 673.71000000
1572 6 1304.36000000 675.64000000
1380 13 1308.00000000 1564.50000000
1392 13 1300.50000000 1551.50000000
1404 13 1295.00000000 1543.50000000
1416 13 1288.00000000 1530.50000000
1428 13 1282.00000000 1518.50000000
1440 13 1271.00000000 1514.00000000
1452 13 1262.00000000 1505.50000000
1464 13 1253.00000000 1501.50000000
1476 13 1238.00000000 1493.50000000
1488 13 1229.00000000 1480.50000000
1500 13 1219.50000000 1472.50000000
1512 13 1208.50000000 1461.50000000
1524 13 1197.50000000 1453.00000000
1536 13 1186.50000000 1445.00000000
1548 13 1175.50000000 1436.50000000
1560 13 1165.00000000 1428.50000000
1572 13 1152.00000000 1423.50000000
1584 13 1139.50000000 1419.50000000
1596 13 1128.50000000 1415.50000000
1608 13 1115.50000000 1411.50000000
1572 9 521.50000000 1612.50000000
1584 9 521.00000000 1627.00000000
1596 9 519.00000000 1642.00000000
1608 9 517.00000000 1656.00000000
1620 9 516.00000000 1671.00000000
1632 9 514.00000000 1686.00000000
1644 9 512.00000000 1700.50000000
1656 9 511.50000000 1717.00000000
1668 9 510.00000000 1730.00000000
1680 9 508.00000000 1744.50000000
1692 9 507.00000000 1759.00000000
1704 9 505.00000000 1774.00000000
1716 9 503.00000000 1788.50000000
1728 9 502.50000000 1803.00000000
1740 9 500.50000000 1818.00000000
1752 9 498.50000000 1832.50000000
1764 9 496.50000000 1849.50000000
1776 9 495.00000000 1870.50000000
1788 9 493.00000000 1887.00000000
1800 9 491.00000000 1903.50000000
1572 12 651.50000000 1421.50000000
1584 12 636.50000000 1421.50000000
1596 12 620.00000000 1421.50000000
1608 12 605.50000000 1421.50000000
1620 12 590.50000000 1417.50000000
1632 12 574.00000000 1417.50000000
1644 12 559.50000000 1417.50000000
1656 12 542.50000000 1417.50000000
1668 12 528.00000000 1413.50000000
1680 12 513.50000000 1413.50000000
1692 12 496.50000000 1413.50000000
1704 12 482.00000000 1413.50000000
1716 12 465.50000000 1409.50000000
1728 12 450.50000000 1409.50000000
1740 12 436.00000000 1409.50000000
1752 12 419.50000000 1409.50000000
1764 12 401.00000000 1411.50000000
1776 12 384.50000000 1413.50000000
1788 12 366.00000000 1417.50000000
1800 12 349.50000000 1421.50000000
1620 14 1104.50000000 1407.50000000
1632 14 1092.00000000 1403.00000000
1644 14 1079.00000000 1403.00000000
1656 14 1068.00000000 1398.50000000
1668 14 1055.00000000 1398.50000000
1680 14 1042.00000000 1398.50000000
1692 14 1027.00000000 1403.00000000
1704 14 1014.00000000 1403.00000000
1716 14 1001.00000000 1407.50000000
1728 14 988.50000000 1407.50000000
1740 14 976.00000000 1407.50000000
1752 14 964.50000000 1407.50000000
1764 14 953.50000000 1407.50000000
1776 14 941.00000000 1407.50000000
1788 14 929.50000000 1407.50000000
1800 14 918.50000000 1407.50000000
1812 14 906.00000000 1407.50000000
1824 14 894.50000000 1403.00000000
1836 14 883.50000000 1403.00000000
1848 14 871.00000000 1403.00000000
