336 26 909.00000000 1155.00000000
348 26 893.50000000 1139.00000000
360 26 880.50000000 1139.00000000
372 26 869.50000000 1135.00000000
384 26 856.50000000 1135.00000000
396 26 845.00000000 1135.00000000
408 26 832.00000000 1131.00000000
420 26 821.00000000 1131.00000000
432 26 808.00000000 1131.00000000
444 26 797.00000000 1127.00000000
456 26 784.00000000 1127.00000000
468 26 773.00000000 1122.50000000
480 26 760.00000000 1122.50000000
492 26 749.00000000 1122.50000000
504 26 737.00000000 1120.50000000
516 26 726.00000000 1120.50000000
528 26 716.00000000 1120.50000000
540 26 705.00000000 1120.50000000
552 26 694.00000000 1120.50000000
564 26 680.50000000 1114.50000000
444 11 31.00000000 1149.50000000
456 11 55.00000000 1129.00000000
468 11 70.00000000 1129.00000000
480 11 82.50000000 1124.50000000
492 11 95.50000000 1116.50000000
504 11 107.00000000 1116.50000000
516 11 118.00000000 1125.00000000
528 11 129.50000000 1131.00000000
540 11 138.50000000 1137.00000000
552 11 149.50000000 1141.00000000
564 11 162.50000000 1141.00000000
576 11 175.50000000 1137.00000000
588 11 190.50000000 1133.00000000
600 11 203.50000000 1129.00000000
612 11 216.50000000 1125.00000000
624 11 227.50000000 1116.50000000
636 11 236.50000000 1108.00000000
648 11 246.00000000 1096.00000000
660 11 255.50000000 1083.50000000
672 11 262.50000000 1075.00000000
504 17 284.50000000 1001.00000000
516 17 277.50000000 1001.00000000
528 17 268.50000000 1001.00000000
540 17 260.50000000 997.00000000
552 17 251.50000000 997.00000000
564 17 244.50000000 992.50000000
576 17 236.50000000 992.50000000
588 17 227.50000000 988.50000000
600 17 220.00000000 988.50000000
612 17 210.50000000 988.50000000
624 17 205.50000000 984.00000000
636 17 201.50000000 984.00000000
648 17 195.50000000 984.00000000
660 17 192.50000000 984.00000000
672 17 186.50000000 984.00000000
684 17 182.50000000 984.00000000
696 17 177.50000000 980.00000000
708 17 173.50000000 980.00000000
720 17 168.50000000 980.00000000
732 17 164.50000000 980.00000000
504 21 1106.50000000 645.50000000
516 21 1106.50000000 645.50000000
528 21 1106.50000000 645.50000000
540 21 1106.50000000 645.50000000
552 21 1106.50000000 645.50000000
564 21 1106.50000000 645.50000000
576 21 1106.50000000 645.50000000
588 21 1106.50000000 645.50000000
600 21 1106.50000000 645.50000000
612 21 1106.50000000 645.50000000
624 21 1106.50000000 645.50000000
636 21 1106.50000000 645.50000000
648 21 1106.50000000 645.50000000
660 21 1106.50000000 645.50000000
672 21 1106.50000000 645.50000000
684 21 1106.50000000 645.50000000
696 21 1106.50000000 645.50000000
708 21 1106.50000000 645.50000000
720 21 1106.50000000 645.50000000
732 21 1106.50000000 645.50000000
576 19 1185.50000000 926.50000000
588 19 1170.50000000 926.50000000
600 19 1157.50000000 926.50000000
612 19 1144.50000000 926.50000000
624 19 1131.50000000 926.50000000
636 19 1120.50000000 926.50000000
648 19 1111.00000000 922.50000000
660 19 1102.00000000 922.50000000
672 19 1094.50000000 918.50000000
684 19 1083.50000000 914.00000000
696 19 1070.50000000 914.00000000
708 19 1057.50000000 910.00000000
720 19 1044.50000000 910.00000000
732 19 1031.50000000 905.50000000
744 19 1016.50000000 905.50000000
756 19 1003.50000000 905.50000000
768 19 992.50000000 914.00000000
780 19 979.50000000 918.50000000
792 19 966.50000000 922.50000000
804 19 953.50000000 922.50000000
576 27 667.50000000 1110.50000000
588 27 652.50000000 1102.00000000
600 27 639.50000000 1093.50000000
612 27 625.00000000 1089.50000000
624 27 612.00000000 1081.50000000
636 27 601.00000000 1081.50000000
648 27 588.00000000 1081.50000000
660 27 575.00000000 1077.50000000
672 27 562.00000000 1077.50000000
684 27 551.00000000 1073.50000000
696 27 538.00000000 1073.50000000
708 27 525.00000000 1073.50000000
720 27 512.00000000 1073.50000000
732 27 501.00000000 1081.50000000
744 27 488.00000000 1085.50000000
756 27 475.00000000 1089.50000000
768 27 462.00000000 1093.50000000
780 27 449.00000000 1093.50000000
792 27 436.00000000 1089.50000000
804 27 423.00000000 1085.50000000
624 31 68.50000000 1238.00000000
636 31 51.50000000 1209.00000000
648 31 38.50000000 1193.00000000
660 31 25.50000000 1180.50000000
672 31 22.00000000 1166.00000000
684 31 13.02000000 1153.43000000
696 31 13.08000000 1153.25000000
708 31 13.13000000 1153.07000000
720 31 13.18000000 1152.89000000
732 31 13.24000000 1152.71000000
744 31 13.29000000 1152.53000000
756 31 13.35000000 1152.35000000
768 31 13.40000000 1152.17000000
780 31 13.45000000 1151.99000000
792 31 13.51000000 1151.81000000
804 31 13.56000000 1151.63000000
816 31 13.62000000 1151.45000000
828 31 13.67000000 1151.27000000
840 31 13.72000000 1151.09000000
852 31 13.78000000 1150.91000000
684 12 271.50000000 1063.00000000
696 12 281.50000000 1054.50000000
708 12 290.50000000 1044.00000000
720 12 299.50000000 1036.00000000
732 12 309.50000000 1026.00000000
744 12 319.50000000 1015.00000000
756 12 328.50000000 1005.00000000
768 12 337.50000000 997.00000000
780 12 345.50000000 988.00000000
792 12 357.50000000 978.00000000
804 12 368.50000000 970.00000000
816 12 379.50000000 962.00000000
828 12 390.50000000 953.00000000
840 12 401.50000000 945.00000000
852 12 412.50000000 937.00000000
864 12 423.50000000 929.00000000
876 12 434.50000000 920.00000000
888 12 444.50000000 912.00000000
900 12 455.50000000 900.00000000
912 12 464.50000000 891.00000000
744 22 1106.50000000 645.50000000
756 22 1106.50000000 645.50000000
768 22 1106.50000000 645.50000000
780 22 1106.50000000 645.50000000
792 22 1106.50000000 645.50000000
804 22 1106.50000000 645.50000000
816 22 1106.50000000 645.50000000
828 22 1106.50000000 645.50000000
840 22 1106.50000000 645.50000000
852 22 1106.50000000 645.50000000
864 22 1106.50000000 645.50000000
876 22 1106.50000000 645.50000000
888 22 1106.50000000 645.50000000
900 22 1106.50000000 645.50000000
912 22 1106.50000000 645.50000000
924 22 1106.50000000 645.50000000
936 22 1106.50000000 645.50000000
948 22 1106.50000000 645.50000000
960 22 1106.50000000 645.50000000
972 22 1106.50000000 645.50000000
816 28 410.00000000 1085.50000000
828 28 397.00000000 1089.50000000
840 28 384.00000000 1093.50000000
852 28 371.00000000 1097.50000000
864 28 358.00000000 1102.00000000
876 28 347.00000000 1106.50000000
888 28 337.50000000 1106.50000000
900 28 328.50000000 1106.50000000
912 28 319.00000000 1106.50000000
924 28 306.00000000 1110.50000000
936 28 293.00000000 1110.50000000
948 28 280.00000000 1110.50000000
960 28 263.50000000 1114.50000000
972 28 249.00000000 1118.50000000
984 28 234.00000000 1122.50000000
996 28 223.00000000 1122.50000000
1008 28 210.00000000 1120.50000000
1020 28 196.00000000 1118.50000000
1032 28 183.00000000 1120.50000000
1044 28 170.00000000 1118.50000000
864 33 13.83000000 1150.73000000
876 33 13.88000000 1150.55000000
888 33 13.94000000 1150.37000000
900 33 13.99000000 1150.19000000
912 33 14.05000000 1150.01000000
924 33 14.10000000 1149.83000000
936 33 14.15000000 1149.65000000
948 33 14.21000000 1149.47000000
960 33 14.26000000 1149.29000000
972 33 14.32000000 1149.11000000
984 33 14.37000000 1148.93000000
996 33 14.42000000 1148.75000000
1008 33 14.48000000 1148.57000000
1020 33 14.53000000 1148.40000000
1032 33 14.59000000 1148.22000000
1044 33 14.64000000 1148.04000000
1056 33 14.69000000 1147.86000000
1068 33 14.75000000 1147.68000000
1080 33 14.80000000 1147.50000000
1092 33 14.85000000 1147.32000000
900 5 45.50000000 1244.00000000
912 5 47.50000000 1220.00000000
924 5 54.50000000 1211.00000000
936 5 60.50000000 1207.00000000
948 5 67.50000000 1203.00000000
960 5 82.00000000 1195.00000000
972 5 98.50000000 1191.00000000
984 5 117.50000000 1187.00000000
996 5 133.50000000 1178.00000000
1008 5 146.50000000 1170.00000000
1020 5 159.50000000 1162.00000000
1032 5 174.50000000 1158.00000000
1044 5 189.50000000 1154.00000000
1056 5 202.50000000 1147.00000000
1068 5 217.50000000 1141.00000000
1080 5 232.00000000 1135.00000000
1092 5 245.00000000 1131.00000000
1104 5 261.50000000 1127.00000000
1116 5 278.50000000 1121.00000000
1128 5 295.00000000 1116.00000000
924 13 473.50000000 883.00000000
936 13 481.50000000 875.00000000
948 13 490.50000000 862.50000000
960 13 499.50000000 854.00000000
972 13 507.50000000 846.00000000
984 13 514.50000000 834.00000000
996 13 520.50000000 821.00000000
1008 13 524.50000000 805.00000000
1020 13 527.50000000 792.00000000
1032 13 530.50000000 778.00000000
1044 13 533.00000000 763.00000000
1056 13 536.50000000 751.00000000
1068 13 538.50000000 734.50000000
1080 13 541.50000000 722.00000000
1092 13 545.00000000 708.00000000
1104 13 547.00000000 693.00000000
1116 13 550.00000000 679.00000000
1128 13 553.50000000 666.00000000
1140 13 556.00000000 652.00000000
1152 13 558.00000000 637.00000000
1104 34 14.91000000 1147.14000000
1116 34 14.96000000 1146.96000000
1128 34 15.02000000 1146.78000000
1140 34 15.07000000 1146.60000000
1152 34 15.12000000 1146.42000000
1164 34 15.18000000 1146.24000000
1176 34 15.23000000 1146.06000000
1188 34 15.29000000 1145.88000000
1200 34 15.34000000 1145.70000000
1212 34 15.39000000 1145.52000000
1224 34 15.45000000 1145.34000000
1236 34 15.50000000 1145.16000000
1248 34 15.56000000 1144.98000000
1260 34 15.61000000 1144.80000000
1272 34 15.66000000 1144.62000000
1284 34 15.72000000 1144.44000000
1296 34 15.77000000 1144.26000000
1308 34 15.82000000 1144.08000000
1320 34 15.88000000 1143.90000000
1332 34 15.93000000 1143.72000000
1140 6 311.50000000 1110.00000000
1152 6 330.50000000 1106.00000000
1164 6 345.00000000 1102.00000000
1176 6 359.50000000 1098.00000000
1188 6 374.50000000 1094.00000000
1200 6 389.50000000 1094.00000000
1212 6 404.50000000 1090.00000000
1224 6 419.50000000 1085.50000000
1236 6 434.00000000 1081.00000000
1248 6 450.50000000 1081.00000000
1260 6 467.50000000 1077.00000000
1272 6 482.50000000 1077.00000000
1284 6 498.50000000 1077.00000000
1296 6 515.50000000 1073.00000000
1308 6 532.50000000 1073.00000000
1320 6 547.00000000 1069.00000000
1332 6 561.50000000 1065.00000000
1344 6 578.50000000 1061.00000000
1356 6 593.50000000 1056.50000000
1368 6 608.50000000 1052.50000000
1164 14 562.00000000 625.00000000
1176 14 565.00000000 609.00000000
1188 14 566.50000000 596.00000000
1200 14 570.00000000 584.00000000
1212 14 573.00000000 567.00000000
1224 14 576.00000000 555.00000000
1236 14 578.50000000 538.00000000
1248 14 581.00000000 526.00000000
1260 14 584.00000000 511.50000000
1272 14 588.00000000 497.00000000
1284 14 589.50000000 485.00000000
1296 14 592.50000000 470.00000000
1308 14 596.00000000 456.00000000
1320 14 598.00000000 441.00000000
1332 14 600.50000000 429.00000000
1344 14 604.50000000 414.50000000
1356 14 607.50000000 400.00000000
1368 14 609.00000000 386.00000000
1380 14 612.50000000 371.00000000
1392 14 615.50000000 359.00000000
1296 30 19.00000000 1174.00000000
1308 30 34.00000000 1182.50000000
1320 30 50.50000000 1191.00000000
1332 30 61.50000000 1203.00000000
1344 30 71.00000000 1215.50000000
1356 30 80.00000000 1232.00000000
1368 30 84.00000000 1236.00000000
1380 30 84.00000000 1236.00000000
1392 30 84.00000000 1236.00000000
1404 30 84.00000000 1236.00000000
1416 30 84.00000000 1236.00000000
1428 30 84.00000000 1236.00000000
1440 30 84.00000000 1236.00000000
1452 30 84.00000000 1236.00000000
1464 30 84.00000000 1236.00000000
1476 30 84.00000000 1236.00000000
1488 30 84.00000000 1236.00000000
1500 30 84.00000000 1236.00000000
1512 30 84.00000000 1236.00000000
1524 30 84.00000000 1236.00000000
1380 7 623.00000000 1052.50000000
1392 7 639.50000000 1052.50000000
1404 7 654.50000000 1052.50000000
1416 7 671.50000000 1052.50000000
1428 7 687.50000000 1052.50000000
1440 7 702.50000000 1052.50000000
1452 7 717.50000000 1056.50000000
1464 7 732.50000000 1056.50000000
1476 7 747.00000000 1056.50000000
1488 7 762.00000000 1061.00000000
1500 7 773.00000000 1061.00000000
1512 7 783.00000000 1065.00000000
1524 7 793.50000000 1071.00000000
1536 7 804.50000000 1077.50000000
1548 7 824.00000000 1081.50000000
1560 7 846.50000000 1081.50000000
1572 7 868.50000000 1081.50000000
1584 7 887.00000000 1081.50000000
1596 7 896.50000000 1093.50000000
1608 7 905.50000000 1081.50000000
1500 32 209.50000000 1032.00000000
1512 32 196.50000000 1032.00000000
1524 32 183.50000000 1034.00000000
1536 32 169.50000000 1032.00000000
1548 32 155.50000000 1032.00000000
1560 32 140.50000000 1028.00000000
1572 32 125.50000000 1028.00000000
1584 32 112.50000000 1023.50000000
1596 32 101.50000000 1023.50000000
1608 32 90.50000000 1023.50000000
1620 32 77.50000000 1023.50000000
1632 32 62.50000000 1028.00000000
1644 32 47.50000000 1032.00000000
1656 32 35.50000000 1023.50000000
1668 32 27.50000000 1007.00000000
1680 32 19.00000000 990.50000000
1692 32 19.00000000 986.00000000
1704 32 19.00000000 986.00000000
1716 32 19.00000000 982.00000000
1728 32 19.00000000 982.00000000
1500 37 1129.50000000 629.00000000
1512 37 1128.50000000 627.00000000
1524 37 1128.50000000 627.00000000
1536 37 1128.50000000 625.00000000
1548 37 1128.50000000 625.00000000
1560 37 1128.50000000 625.00000000
1572 37 1128.50000000 623.00000000
1584 37 1128.50000000 623.00000000
1596 37 1128.50000000 623.00000000
1608 37 1128.50000000 621.00000000
1620 37 1128.50000000 621.00000000
1632 37 1126.50000000 621.00000000
1644 37 1126.50000000 621.00000000
1656 37 1126.50000000 621.00000000
1668 37 1126.50000000 621.00000000
1680 37 1126.50000000 621.00000000
1692 37 1125.50000000 621.00000000
1704 37 1125.50000000 621.00000000
1716 37 1125.50000000 621.00000000
1728 37 1125.50000000 621.00000000
1620 8 920.50000000 1081.50000000
1632 8 931.50000000 1065.00000000
1644 8 942.50000000 1048.50000000
1656 8 957.50000000 1040.00000000
1668 8 976.00000000 1036.00000000
1680 8 994.50000000 1031.50000000
1692 8 1005.50000000 1019.50000000
1704 8 1016.50000000 1011.00000000
1716 8 1027.50000000 1003.00000000
1728 8 1039.00000000 1003.00000000
1740 8 1050.00000000 1003.00000000
1752 8 1061.00000000 1003.00000000
1764 8 1072.50000000 1003.00000000
1776 8 1085.50000000 998.50000000
1788 8 1100.00000000 994.50000000
1800 8 1116.50000000 990.50000000
1812 8 1131.50000000 986.50000000
1824 8 1150.00000000 982.50000000
1836 8 1166.50000000 982.50000000
1848 8 1176.00000000 974.00000000
1740 38 1125.50000000 621.00000000
1752 38 1123.50000000 621.00000000
1764 38 1123.50000000 621.00000000
1776 38 1123.50000000 621.00000000
1788 38 1123.50000000 621.00000000
1800 38 1123.50000000 621.00000000
1812 38 1121.50000000 621.00000000
1824 38 1121.50000000 621.00000000
1836 38 1121.50000000 621.00000000
1848 38 1121.50000000 621.00000000
1860 38 1121.50000000 621.00000000
1872 38 1119.50000000 621.00000000
1884 38 1119.50000000 621.00000000
1896 38 1117.50000000 621.00000000
1908 38 1117.50000000 621.00000000
1920 38 1115.50000000 621.00000000
1932 38 1115.50000000 621.00000000
1944 38 1115.50000000 621.00000000
1956 38 1115.50000000 621.00000000
1968 38 1115.50000000 621.00000000
1860 9 1190.50000000 970.00000000
1872 9 1190.47000000 967.86000000
1884 9 1190.45000000 965.71000000
1896 9 1190.42000000 963.57000000
1908 9 1190.39000000 961.42000000
1920 9 1190.36000000 959.28000000
1932 9 1190.34000000 957.13000000
1944 9 1190.31000000 954.99000000
1956 9 1190.28000000 952.84000000
1968 9 1190.26000000 950.70000000
1980 9 1190.23000000 948.55000000
1992 9 1190.20000000 946.41000000
2004 9 1190.17000000 944.26000000
2016 9 1190.15000000 942.12000000
2028 9 1190.12000000 939.97000000
2040 9 1190.09000000 937.83000000
2052 9 1190.07000000 935.68000000
2064 9 1190.04000000 933.54000000
2076 9 1190.01000000 931.39000000
2088 9 1182.50000000 930.50000000
1968 10 242.50000000 996.50000000
1980 10 249.50000000 1000.50000000
1992 10 270.00000000 1021.50000000
2004 10 262.50000000 1011.50000000
2016 10 270.50000000 1007.00000000
2028 10 279.50000000 1001.00000000
2040 10 286.50000000 999.00000000
2052 10 291.00000000 988.00000000
2064 10 287.00000000 1013.50000000
2076 10 305.00000000 986.50000000
2088 10 316.00000000 976.00000000
2100 10 321.00000000 976.00000000
2112 10 326.50000000 964.00000000
2124 10 329.00000000 968.00000000
2136 10 335.00000000 955.50000000
2148 10 338.50000000 935.00000000
2160 10 343.00000000 924.50000000
2172 10 348.00000000 940.50000000
2184 10 351.50000000 930.50000000
2196 10 356.00000000 895.50000000
