0 45 610.50000000 1748.50000000
12 45 602.50000000 1736.50000000
24 45 594.50000000 1727.50000000
36 45 589.00000000 1715.50000000
48 45 583.00000000 1702.50000000
60 45 577.00000000 1690.00000000
72 45 571.00000000 1677.50000000
84 45 565.00000000 1664.50000000
96 45 561.00000000 1652.50000000
108 45 559.00000000 1643.50000000
120 45 559.00000000 1631.50000000
132 45 557.00000000 1618.50000000
144 45 555.00000000 1610.50000000
156 45 551.00000000 1597.50000000
168 45 545.00000000 1589.50000000
180 45 537.00000000 1576.50000000
192 45 531.00000000 1568.50000000
204 45 525.50000000 1556.00000000
216 45 519.50000000 1543.50000000
228 45 513.50000000 1535.00000000
0 18 1172.00000000 1447.00000000
12 18 1156.00000000 1447.00000000
24 18 1140.00000000 1447.00000000
36 18 1124.50000000 1447.00000000
48 18 1108.50000000 1455.50000000
60 18 1093.00000000 1463.50000000
72 18 1079.00000000 1468.00000000
84 18 1063.00000000 1476.50000000
96 18 1047.00000000 1484.50000000
108 18 1031.00000000 1489.00000000
120 18 1015.50000000 1497.50000000
132 18 1000.00000000 1505.50000000
144 18 984.00000000 1514.00000000
156 18 970.00000000 1518.50000000
168 18 954.00000000 1526.50000000
180 18 938.00000000 1535.00000000
192 18 922.50000000 1543.50000000
204 18 908.50000000 1547.50000000
216 18 893.00000000 1556.00000000
228 18 877.00000000 1564.50000000
0 21 203.50000000 1482.50000000
12 21 199.50000000 1470.50000000
24 21 197.50000000 1457.50000000
36 21 193.50000000 1444.50000000
48 21 191.50000000 1432.50000000
60 21 188.00000000 1419.50000000
72 21 186.00000000 1407.50000000
84 21 182.00000000 1394.50000000
96 21 180.00000000 1382.50000000
108 21 180.00000000 1365.50000000
120 21 182.00000000 1344.50000000
132 21 182.00000000 1323.50000000
144 21 184.00000000 1302.50000000
156 21 186.00000000 1285.50000000
168 21 186.00000000 1268.50000000
180 21 186.00000000 1252.50000000
192 21 188.00000000 1235.50000000
204 21 188.00000000 1218.50000000
216 21 190.00000000 1206.50000000
228 21 191.50000000 1193.50000000
144 7 1399.00000000 1462.00000000
156 7 1385.00000000 1462.00000000
168 7 1371.00000000 1462.00000000
180 7 1357.00000000 1462.00000000
192 7 1343.00000000 1462.00000000
204 7 1327.50000000 1462.00000000
216 7 1313.50000000 1466.00000000
228 7 1298.00000000 1466.00000000
240 7 1296.00000000 1470.00000000
252 7 1296.00000000 1470.00000000
264 7 1276.00000000 1470.00000000
276 7 1236.50000000 1474.00000000
288 7 1216.50000000 1470.00000000
300 7 1197.00000000 1470.00000000
312 7 1181.00000000 1470.00000000
324 7 1167.00000000 1470.00000000
336 7 1155.00000000 1474.00000000
348 7 1141.00000000 1474.00000000
360 7 1127.50000000 1478.50000000
372 7 1113.50000000 1483.00000000
192 27 1370.00000000 1183.00000000
204 27 1318.50000000 1183.00000000
216 27 1269.00000000 1183.00000000
228 27 1217.50000000 1179.00000000
240 27 1166.00000000 1179.00000000
252 27 1118.50000000 1170.50000000
264 27 1071.00000000 1158.00000000
276 27 1025.50000000 1149.50000000
288 27 978.00000000 1137.00000000
300 27 930.50000000 1124.50000000
312 27 893.00000000 1103.50000000
324 27 861.00000000 1074.00000000
336 27 831.50000000 1049.00000000
348 27 799.50000000 1019.50000000
360 27 768.00000000 990.50000000
372 27 737.00000000 946.50000000
384 27 705.50000000 883.50000000
396 27 684.00000000 827.00000000
408 27 676.00000000 782.50000000
420 27 658.00000000 720.50000000
240 46 507.50000000 1522.50000000
252 46 503.50000000 1514.00000000
264 46 497.50000000 1501.50000000
276 46 493.50000000 1493.50000000
288 46 488.00000000 1480.50000000
300 46 484.00000000 1468.00000000
312 46 482.00000000 1455.50000000
324 46 478.00000000 1447.00000000
336 46 474.00000000 1434.50000000
348 46 472.00000000 1421.50000000
360 46 466.00000000 1413.50000000
372 46 460.00000000 1400.50000000
384 46 452.00000000 1392.50000000
396 46 446.00000000 1380.00000000
408 46 440.00000000 1371.50000000
420 46 436.00000000 1359.00000000
432 46 430.00000000 1350.50000000
444 46 426.50000000 1338.00000000
456 46 422.50000000 1325.50000000
468 46 418.50000000 1313.00000000
240 19 863.00000000 1572.50000000
252 19 847.00000000 1576.50000000
264 19 833.00000000 1585.50000000
276 19 817.50000000 1593.50000000
288 19 802.00000000 1597.50000000
300 19 788.00000000 1606.50000000
312 19 772.00000000 1614.50000000
324 19 756.00000000 1618.50000000
336 19 740.00000000 1623.00000000
348 19 722.50000000 1627.50000000
360 19 706.50000000 1635.50000000
372 19 691.00000000 1639.50000000
384 19 675.00000000 1644.00000000
396 19 657.00000000 1648.00000000
408 19 641.00000000 1648.00000000
420 19 625.00000000 1648.00000000
432 19 609.50000000 1644.00000000
444 19 594.00000000 1644.00000000
456 19 578.00000000 1639.50000000
468 19 562.00000000 1639.50000000
240 22 193.50000000 1176.50000000
252 22 193.50000000 1164.50000000
264 22 195.50000000 1147.50000000
276 22 197.50000000 1134.50000000
288 22 199.50000000 1122.50000000
300 22 201.50000000 1109.50000000
312 22 207.50000000 1092.50000000
324 22 213.50000000 1080.50000000
336 22 219.00000000 1067.50000000
348 22 225.00000000 1051.50000000
360 22 231.00000000 1038.50000000
372 22 237.00000000 1025.50000000
384 22 243.00000000 1009.50000000
396 22 249.00000000 996.50000000
408 22 253.00000000 984.50000000
420 22 257.00000000 971.50000000
432 22 261.00000000 954.50000000
444 22 267.00000000 942.50000000
456 22 271.00000000 929.50000000
468 22 271.00000000 912.50000000
336 35 541.00000000 1734.00000000
348 35 541.00000000 1721.50000000
360 35 541.00000000 1704.50000000
372 35 541.00000000 1692.00000000
384 35 541.00000000 1679.50000000
396 35 541.00000000 1662.50000000
408 35 539.00000000 1646.00000000
420 35 539.00000000 1629.50000000
432 35 537.00000000 1604.00000000
444 35 537.00000000 1583.00000000
456 35 533.00000000 1562.50000000
468 35 527.50000000 1545.50000000
480 35 521.50000000 1524.50000000
492 35 515.50000000 1507.50000000
504 35 509.50000000 1491.00000000
516 35 502.50000000 1478.50000000
528 35 494.50000000 1464.00000000
540 35 488.50000000 1451.00000000
552 35 481.00000000 1436.50000000
564 35 473.00000000 1422.00000000
384 8 1100.00000000 1487.00000000
396 8 1084.00000000 1495.00000000
408 8 1068.00000000 1503.50000000
420 8 1048.00000000 1508.00000000
432 8 1028.50000000 1512.00000000
444 8 1012.50000000 1516.00000000
456 8 999.00000000 1520.00000000
468 8 983.00000000 1524.50000000
480 8 967.00000000 1529.00000000
492 8 953.00000000 1537.00000000
504 8 935.00000000 1537.00000000
516 8 920.50000000 1543.50000000
528 8 905.50000000 1551.50000000
540 8 891.50000000 1560.50000000
552 8 878.00000000 1560.50000000
564 8 866.00000000 1560.50000000
576 8 852.00000000 1562.50000000
588 8 840.00000000 1562.50000000
600 8 826.50000000 1575.00000000
612 8 812.50000000 1589.50000000
420 39 725.50000000 1830.00000000
432 39 729.50000000 1809.50000000
444 39 733.50000000 1788.50000000
456 39 739.50000000 1772.00000000
468 39 743.00000000 1755.00000000
480 39 747.00000000 1738.00000000
492 39 757.00000000 1726.00000000
504 39 767.00000000 1719.00000000
516 39 778.00000000 1713.00000000
528 39 788.00000000 1706.50000000
540 39 798.50000000 1700.50000000
552 39 809.50000000 1692.00000000
564 39 823.50000000 1679.50000000
576 39 837.00000000 1671.00000000
588 39 849.00000000 1656.50000000
600 39 862.00000000 1644.00000000
612 39 875.00000000 1629.00000000
624 39 887.00000000 1616.50000000
636 39 900.50000000 1600.00000000
648 39 912.50000000 1587.50000000
480 47 412.50000000 1304.50000000
492 47 408.50000000 1292.00000000
504 47 406.50000000 1279.50000000
516 47 407.50000000 1271.00000000
528 47 409.50000000 1262.50000000
540 47 412.50000000 1254.00000000
552 47 413.50000000 1246.00000000
564 47 415.50000000 1237.50000000
576 47 415.50000000 1227.00000000
588 47 411.50000000 1210.50000000
600 47 407.50000000 1197.50000000
612 47 403.50000000 1181.00000000
624 47 399.50000000 1164.00000000
636 47 395.50000000 1151.50000000
648 47 391.50000000 1135.00000000
660 47 387.50000000 1122.50000000
672 47 383.50000000 1105.50000000
684 47 382.00000000 1097.00000000
696 47 378.00000000 1084.50000000
708 47 374.00000000 1076.00000000
480 20 546.00000000 1639.50000000
492 20 528.00000000 1639.50000000
504 20 512.50000000 1635.50000000
516 20 497.50000000 1631.50000000
528 20 483.00000000 1627.50000000
540 20 467.00000000 1623.00000000
552 20 452.00000000 1614.50000000
564 20 436.00000000 1610.50000000
576 20 420.50000000 1604.50000000
588 20 402.50000000 1595.50000000
600 20 386.50000000 1591.50000000
612 20 371.00000000 1583.50000000
624 20 355.00000000 1576.50000000
636 20 343.00000000 1564.50000000
648 20 330.50000000 1551.50000000
660 20 317.50000000 1543.50000000
672 20 303.50000000 1530.50000000
684 20 289.50000000 1526.50000000
696 20 274.00000000 1522.50000000
708 20 258.00000000 1518.50000000
480 23 271.00000000 891.50000000
492 23 271.00000000 875.50000000
504 23 269.00000000 856.50000000
516 23 265.00000000 843.50000000
528 23 261.00000000 829.00000000
540 23 257.00000000 818.50000000
552 23 253.00000000 804.00000000
564 23 249.00000000 791.00000000
576 23 245.00000000 779.00000000
588 23 241.00000000 766.00000000
600 23 238.00000000 756.00000000
612 23 234.00000000 743.00000000
624 23 230.00000000 735.00000000
636 23 226.50000000 722.00000000
648 23 222.50000000 714.00000000
660 23 218.50000000 705.50000000
672 23 214.50000000 693.00000000
684 23 210.50000000 689.00000000
696 23 206.50000000 680.00000000
708 23 202.50000000 672.00000000
576 36 466.00000000 1409.00000000
588 36 458.00000000 1392.50000000
600 36 452.00000000 1380.00000000
612 36 444.00000000 1367.50000000
624 36 438.00000000 1350.50000000
636 36 430.50000000 1338.00000000
648 36 424.50000000 1325.50000000
660 36 416.50000000 1309.00000000
672 36 410.50000000 1296.00000000
684 36 408.50000000 1279.50000000
696 36 406.50000000 1262.50000000
708 36 402.50000000 1246.00000000
720 36 400.50000000 1229.00000000
732 36 396.50000000 1212.50000000
744 36 394.50000000 1195.50000000
756 36 390.50000000 1174.50000000
768 36 388.50000000 1158.00000000
780 36 384.50000000 1137.00000000
792 36 381.00000000 1120.00000000
804 36 375.00000000 1112.00000000
624 9 798.50000000 1604.00000000
636 9 783.00000000 1616.50000000
648 9 767.00000000 1625.00000000
660 9 751.00000000 1637.50000000
672 9 731.50000000 1637.50000000
684 9 713.50000000 1637.50000000
696 9 695.50000000 1637.50000000
708 9 678.00000000 1637.50000000
720 9 662.00000000 1633.50000000
732 9 646.00000000 1633.50000000
744 9 630.50000000 1629.50000000
756 9 614.50000000 1625.00000000
768 9 602.50000000 1621.00000000
780 9 588.50000000 1616.50000000
792 9 575.00000000 1612.50000000
804 9 557.00000000 1616.50000000
816 9 539.00000000 1621.00000000
828 9 521.50000000 1625.00000000
840 9 505.50000000 1629.50000000
852 9 489.50000000 1625.00000000
660 40 924.50000000 1575.00000000
672 40 936.50000000 1562.00000000
684 40 948.00000000 1549.50000000
696 40 960.00000000 1537.00000000
708 40 970.00000000 1524.50000000
720 40 982.00000000 1516.00000000
732 40 992.00000000 1503.50000000
744 40 1001.50000000 1491.00000000
756 40 1011.50000000 1478.50000000
768 40 1021.50000000 1466.00000000
780 40 1029.50000000 1449.00000000
792 40 1037.50000000 1432.50000000
804 40 1047.00000000 1420.00000000
816 40 1055.00000000 1403.00000000
828 40 1063.00000000 1386.00000000
840 40 1075.00000000 1373.50000000
852 40 1089.00000000 1365.50000000
864 40 1102.50000000 1357.00000000
876 40 1116.50000000 1348.50000000
888 40 1131.50000000 1344.50000000
720 48 372.00000000 1063.50000000
732 48 368.00000000 1055.50000000
744 48 366.00000000 1042.50000000
756 48 362.00000000 1034.50000000
768 48 358.00000000 1021.50000000
780 48 356.00000000 1013.50000000
792 48 354.00000000 1001.00000000
804 48 354.00000000 988.50000000
816 48 354.00000000 980.00000000
828 48 355.00000000 967.50000000
840 48 356.00000000 954.50000000
852 48 356.00000000 942.00000000
864 48 357.00000000 929.50000000
876 48 357.00000000 921.00000000
888 48 357.00000000 908.50000000
900 48 359.00000000 900.50000000
912 48 361.00000000 887.50000000
924 48 365.00000000 879.50000000
936 48 367.00000000 866.50000000
948 48 369.00000000 858.50000000
792 34 685.00000000 797.50000000
804 34 665.00000000 797.50000000
816 34 649.00000000 802.00000000
828 34 633.50000000 802.00000000
840 34 617.50000000 806.00000000
852 34 601.50000000 806.00000000
864 34 578.00000000 806.00000000
876 34 550.00000000 802.00000000
888 34 524.50000000 799.50000000
900 34 502.50000000 795.50000000
912 34 483.50000000 787.00000000
924 34 466.00000000 783.00000000
936 34 449.00000000 774.50000000
948 34 425.50000000 762.00000000
960 34 403.50000000 745.50000000
972 34 379.50000000 732.50000000
984 34 353.00000000 724.50000000
996 34 327.50000000 711.50000000
1008 34 308.50000000 699.00000000
1020 34 287.50000000 686.50000000
816 37 367.00000000 1099.00000000
828 37 361.00000000 1091.00000000
840 37 353.00000000 1082.50000000
852 37 347.00000000 1070.00000000
864 37 345.00000000 1053.00000000
876 37 343.00000000 1036.50000000
888 37 339.00000000 1024.00000000
900 37 337.00000000 1007.00000000
912 37 333.00000000 990.50000000
924 37 331.00000000 973.50000000
936 37 325.50000000 957.00000000
948 37 321.50000000 940.00000000
960 37 315.50000000 923.50000000
972 37 309.50000000 906.50000000
984 37 305.50000000 890.00000000
996 37 299.50000000 873.00000000
1008 37 294.50000000 858.00000000
1020 37 289.50000000 848.00000000
1032 37 283.50000000 835.00000000
1044 37 277.50000000 825.00000000
864 10 476.00000000 1621.00000000
876 10 462.00000000 1616.50000000
888 10 448.00000000 1616.50000000
900 10 432.00000000 1612.50000000
912 10 414.50000000 1604.00000000
924 10 398.50000000 1600.00000000
936 10 382.50000000 1595.50000000
948 10 367.00000000 1591.50000000
960 10 351.00000000 1587.50000000
972 10 335.00000000 1583.00000000
984 10 321.50000000 1583.00000000
996 10 305.50000000 1579.00000000
1008 10 289.50000000 1575.00000000
1020 10 274.00000000 1568.50000000
1032 10 258.00000000 1564.50000000
1044 10 242.00000000 1558.00000000
1056 10 226.50000000 1553.50000000
1068 10 210.50000000 1545.50000000
1080 10 194.50000000 1541.50000000
1092 10 180.50000000 1535.00000000
900 41 1143.50000000 1336.00000000
912 41 1155.00000000 1327.50000000
924 41 1168.00000000 1323.50000000
936 41 1181.00000000 1315.00000000
948 41 1194.00000000 1311.00000000
960 41 1205.50000000 1300.50000000
972 41 1217.50000000 1285.50000000
984 41 1229.50000000 1273.00000000
996 41 1241.50000000 1260.50000000
1008 41 1251.00000000 1246.00000000
1020 41 1260.00000000 1233.50000000
1032 41 1271.00000000 1222.50000000
1044 41 1280.00000000 1210.50000000
1056 41 1290.00000000 1199.50000000
1068 41 1298.50000000 1187.50000000
1080 41 1309.50000000 1176.50000000
1092 41 1318.50000000 1164.50000000
1104 41 1330.50000000 1153.50000000
1116 41 1342.50000000 1149.50000000
1128 41 1360.00000000 1149.50000000
960 49 371.00000000 850.00000000
972 49 373.00000000 837.50000000
984 49 375.00000000 829.00000000
996 49 377.00000000 816.50000000
1008 49 379.00000000 804.00000000
1020 49 381.00000000 793.50000000
1032 49 382.50000000 783.00000000
1044 49 384.50000000 772.50000000
1056 49 386.50000000 762.00000000
1068 49 388.50000000 753.50000000
1080 49 389.50000000 743.50000000
1092 49 391.50000000 732.50000000
1104 49 393.50000000 722.50000000
1116 49 395.50000000 711.50000000
1128 49 397.50000000 701.50000000
1140 49 399.50000000 693.00000000
1152 49 401.50000000 680.50000000
1164 49 403.50000000 672.00000000
1176 49 404.50000000 659.50000000
1188 49 406.50000000 651.00000000
996 15 260.00000000 1002.50000000
1008 15 248.00000000 1002.50000000
1020 15 242.00000000 1007.50000000
1032 15 236.00000000 1009.50000000
1044 15 230.50000000 1011.50000000
1056 15 224.50000000 1013.50000000
1068 15 224.50000000 1013.50000000
1080 15 224.50000000 1013.50000000
1092 15 224.50000000 1013.50000000
1104 15 224.50000000 1013.50000000
1116 15 224.50000000 1013.50000000
1128 15 224.50000000 1013.50000000
1140 15 226.50000000 1013.50000000
1152 15 226.50000000 1013.50000000
1164 15 226.50000000 1013.50000000
1176 15 226.50000000 1013.50000000
1188 15 226.50000000 1009.50000000
1200 15 226.50000000 1009.50000000
1212 15 228.50000000 1009.50000000
1224 15 228.50000000 1009.50000000
1044 13 457.00000000 1759.00000000
1056 13 451.00000000 1746.50000000
1068 13 447.00000000 1734.00000000
1080 13 443.00000000 1721.50000000
1092 13 437.00000000 1705.00000000
1104 13 433.00000000 1692.00000000
1116 13 425.50000000 1679.50000000
1128 13 415.50000000 1671.00000000
1140 13 403.50000000 1663.00000000
1152 13 393.50000000 1654.00000000
1164 13 384.00000000 1646.00000000
1176 13 372.00000000 1638.00000000
1188 13 364.00000000 1629.00000000
1200 13 354.00000000 1621.00000000
1212 13 346.00000000 1612.50000000
1224 13 338.00000000 1604.00000000
1236 13 328.00000000 1596.00000000
1248 13 320.50000000 1587.00000000
1260 13 312.50000000 1581.00000000
1272 13 302.50000000 1568.50000000
1044 42 428.00000000 1778.00000000
1056 42 422.50000000 1765.00000000
1068 42 416.50000000 1753.00000000
1080 42 410.50000000 1740.00000000
1092 42 405.50000000 1732.00000000
1104 42 399.50000000 1719.00000000
1116 42 391.50000000 1711.00000000
1128 42 384.00000000 1703.00000000
1140 42 376.00000000 1694.00000000
1152 42 368.00000000 1690.00000000
1164 42 358.00000000 1682.00000000
1176 42 350.00000000 1673.00000000
1188 42 340.00000000 1669.00000000
1200 42 330.00000000 1661.00000000
1212 42 320.50000000 1656.00000000
1224 42 310.50000000 1652.00000000
1236 42 300.50000000 1644.00000000
1248 42 290.50000000 1640.00000000
1260 42 283.00000000 1636.00000000
1272 42 273.00000000 1623.00000000
1104 11 168.50000000 1526.50000000
1116 11 157.00000000 1518.50000000
1128 11 145.00000000 1509.50000000
1140 11 133.50000000 1505.50000000
1152 11 119.50000000 1497.50000000
1164 11 97.50000000 1493.50000000
1176 11 67.50000000 1488.50000000
1188 11 58.00000000 1480.50000000
1200 11 46.00000000 1468.00000000
1212 11 36.40000000 1459.38000000
1224 11 35.99000000 1458.91000000
1236 11 35.58000000 1458.43000000
1248 11 35.17000000 1457.95000000
1260 11 34.76000000 1457.48000000
1272 11 34.35000000 1457.00000000
1284 11 33.94000000 1456.53000000
1296 11 33.53000000 1456.05000000
1308 11 33.12000000 1455.58000000
1320 11 32.71000000 1455.10000000
1332 11 32.30000000 1454.63000000
1200 50 408.50000000 638.50000000
1212 50 408.50000000 625.50000000
1224 50 410.50000000 613.50000000
1236 50 412.50000000 600.50000000
1248 50 412.50000000 588.50000000
1260 50 414.50000000 575.50000000
1272 50 416.50000000 567.50000000
1284 50 416.50000000 554.50000000
1296 50 418.50000000 542.00000000
1308 50 420.50000000 529.50000000
1320 50 420.50000000 517.00000000
1332 50 422.50000000 504.50000000
1344 50 424.50000000 491.50000000
1356 50 424.50000000 479.50000000
1368 50 426.50000000 470.50000000
1380 50 426.50000000 458.50000000
1392 50 426.50000000 445.50000000
1404 50 428.50000000 433.00000000
1416 50 428.50000000 424.50000000
1428 50 428.50000000 412.50000000
1236 16 228.50000000 1009.50000000
1248 16 228.50000000 1009.50000000
1260 16 228.50000000 1009.50000000
1272 16 228.50000000 1009.50000000
1284 16 230.50000000 1009.50000000
1296 16 230.50000000 1009.50000000
1308 16 230.50000000 1005.00000000
1320 16 230.50000000 1005.00000000
1332 16 230.50000000 1005.00000000
1344 16 230.50000000 1005.00000000
1356 16 232.00000000 1005.00000000
1368 16 232.00000000 1005.00000000
1380 16 232.00000000 1005.00000000
1392 16 232.00000000 1005.00000000
1404 16 232.00000000 1005.00000000
1416 16 232.00000000 1005.00000000
1428 16 236.00000000 996.50000000
1440 16 240.00000000 992.50000000
1452 16 243.00000000 984.50000000
1464 16 247.00000000 975.50000000
1284 14 292.50000000 1560.00000000
1296 14 284.50000000 1552.00000000
1308 14 275.00000000 1543.00000000
1320 14 265.00000000 1535.00000000
1332 14 257.00000000 1527.00000000
1344 14 245.00000000 1522.00000000
1356 14 235.00000000 1514.00000000
1368 14 223.50000000 1506.00000000
1380 14 213.50000000 1497.00000000
1392 14 201.50000000 1493.00000000
1404 14 191.50000000 1485.00000000
1416 14 181.50000000 1481.00000000
1428 14 172.00000000 1472.00000000
1440 14 162.00000000 1468.00000000
1452 14 148.00000000 1460.00000000
1464 14 136.00000000 1455.00000000
1476 14 124.00000000 1447.00000000
1488 14 112.50000000 1443.00000000
1500 14 100.50000000 1439.00000000
1512 14 88.50000000 1453.00000000
1284 43 265.00000000 1615.00000000
1296 43 257.00000000 1606.00000000
1308 43 249.00000000 1598.00000000
1320 43 241.00000000 1585.00000000
1332 43 233.00000000 1577.00000000
1344 43 221.50000000 1573.00000000
1356 43 211.50000000 1568.50000000
1368 43 199.50000000 1564.00000000
1380 43 189.50000000 1560.00000000
1392 43 178.00000000 1552.00000000
1404 43 168.00000000 1548.00000000
1416 43 156.00000000 1535.00000000
1428 43 144.00000000 1527.00000000
1440 43 134.00000000 1518.00000000
1452 43 122.50000000 1510.00000000
1464 43 112.50000000 1506.00000000
1476 43 102.50000000 1501.00000000
1488 43 90.50000000 1497.00000000
1500 43 82.50000000 1493.00000000
1512 43 73.00000000 1485.00000000
1344 12 31.89000000 1454.15000000
1356 12 31.48000000 1453.68000000
1368 12 31.07000000 1453.20000000
1380 12 30.66000000 1452.73000000
1392 12 30.25000000 1452.25000000
1404 12 29.84000000 1451.77000000
1416 12 29.43000000 1451.30000000
1428 12 29.02000000 1450.82000000
1440 12 28.61000000 1450.35000000
1452 12 28.20000000 1449.87000000
1464 12 27.79000000 1449.40000000
1476 12 27.38000000 1448.92000000
1488 12 26.97000000 1448.45000000
1500 12 26.56000000 1447.97000000
1512 12 26.15000000 1447.50000000
1524 12 25.74000000 1447.02000000
1536 12 25.33000000 1446.55000000
1548 12 24.92000000 1446.07000000
1560 12 24.51000000 1445.59000000
1572 12 24.10000000 1445.12000000
1440 51 430.50000000 399.50000000
1452 51 430.50000000 387.00000000
1464 51 430.50000000 378.50000000
1476 51 432.50000000 366.00000000
1488 51 432.50000000 353.50000000
1500 51 434.50000000 345.50000000
1512 51 433.50000000 332.50000000
1524 51 433.50000000 322.00000000
1536 51 433.50000000 311.50000000
1548 51 433.50000000 299.00000000
1560 51 432.50000000 288.50000000
1572 51 433.50000000 278.00000000
1584 51 433.50000000 268.00000000
1596 51 433.50000000 255.00000000
1608 51 432.50000000 244.50000000
1620 51 432.50000000 234.00000000
1632 51 432.50000000 221.50000000
1644 51 433.00000000 211.00000000
1656 51 432.00000000 200.50000000
1668 51 432.00000000 190.50000000
1476 17 251.00000000 967.50000000
1488 17 255.00000000 958.50000000
1500 17 259.00000000 954.50000000
1512 17 259.00000000 933.50000000
1524 17 261.00000000 915.00000000
1536 17 263.00000000 896.00000000
1548 17 263.00000000 875.00000000
1560 17 265.00000000 858.50000000
1572 17 267.00000000 839.50000000
1584 17 269.00000000 821.00000000
1596 17 264.00000000 804.00000000
1608 17 252.00000000 787.00000000
1620 17 240.00000000 770.00000000
1632 17 230.00000000 754.00000000
1644 17 218.00000000 737.00000000
1656 17 206.50000000 720.00000000
1668 17 198.50000000 707.50000000
1680 17 188.50000000 695.00000000
1692 17 181.00000000 682.00000000
1704 17 173.00000000 670.00000000
