0 47 939.50000000 1546.00000000
12 47 938.00000000 1558.00000000
24 47 938.00000000 1575.00000000
36 47 938.00000000 1591.00000000
48 47 938.00000000 1608.00000000
60 47 938.00000000 1620.00000000
72 47 938.00000000 1637.00000000
84 47 938.00000000 1645.00000000
96 47 939.50000000 1653.00000000
108 47 939.50000000 1661.50000000
120 47 941.50000000 1678.00000000
132 47 943.50000000 1690.00000000
144 47 945.50000000 1707.00000000
156 47 945.50000000 1723.50000000
168 47 945.50000000 1744.00000000
180 47 943.50000000 1760.50000000
192 47 943.50000000 1777.00000000
204 47 943.50000000 1794.00000000
216 47 941.50000000 1810.00000000
228 47 941.50000000 1822.50000000
0 49 962.50000000 1589.00000000
12 49 962.50000000 1577.00000000
24 49 962.50000000 1568.50000000
36 49 962.50000000 1560.00000000
48 49 962.50000000 1552.00000000
60 49 962.50000000 1540.00000000
72 49 962.50000000 1531.50000000
84 49 962.50000000 1515.00000000
96 49 960.50000000 1502.50000000
108 49 960.50000000 1486.00000000
120 49 960.50000000 1473.50000000
132 49 962.50000000 1461.00000000
144 49 962.50000000 1461.00000000
156 49 962.50000000 1461.00000000
168 49 962.50000000 1461.00000000
180 49 962.50000000 1461.00000000
192 49 962.50000000 1461.00000000
204 49 962.50000000 1461.00000000
216 49 962.50000000 1461.00000000
228 49 962.50000000 1461.00000000
0 52 1129.00000000 705.50000000
12 52 1141.00000000 697.00000000
24 52 1155.00000000 693.00000000
36 52 1169.00000000 689.00000000
48 52 1182.50000000 685.00000000
60 52 1196.50000000 681.00000000
72 52 1210.50000000 672.50000000
84 52 1224.00000000 668.50000000
96 52 1236.00000000 664.00000000
108 52 1250.00000000 656.00000000
120 52 1262.00000000 643.50000000
132 52 1270.00000000 643.50000000
144 52 1280.00000000 643.50000000
156 52 1288.00000000 643.50000000
168 52 1306.00000000 639.50000000
180 52 1304.00000000 635.50000000
192 52 1304.00000000 635.50000000
204 52 1304.00000000 635.50000000
216 52 1304.00000000 631.00000000
228 52 1304.00000000 631.00000000
0 54 648.00000000 615.00000000
12 54 644.00000000 625.00000000
24 54 640.00000000 635.00000000
36 54 636.00000000 648.00000000
48 54 632.00000000 658.00000000
60 54 629.00000000 670.50000000
72 54 625.00000000 681.00000000
84 54 621.00000000 693.00000000
96 54 615.00000000 705.50000000
108 54 611.00000000 722.00000000
120 54 607.00000000 738.50000000
132 54 601.00000000 751.00000000
144 54 597.00000000 767.50000000
156 54 591.00000000 780.00000000
168 54 585.00000000 792.00000000
180 54 579.00000000 800.50000000
192 54 573.00000000 813.00000000
204 54 567.00000000 825.00000000
216 54 561.00000000 838.00000000
228 54 557.00000000 850.00000000
0 56 528.00000000 788.00000000
12 56 526.00000000 800.50000000
24 56 526.00000000 813.00000000
36 56 526.00000000 825.00000000
48 56 526.00000000 838.00000000
60 56 524.00000000 850.00000000
72 56 524.00000000 862.50000000
84 56 524.00000000 875.00000000
96 56 524.00000000 887.00000000
108 56 524.00000000 899.50000000
120 56 520.00000000 912.00000000
132 56 516.00000000 920.00000000
144 56 512.00000000 933.00000000
156 56 506.00000000 945.00000000
168 56 502.00000000 957.50000000
180 56 498.50000000 966.00000000
192 56 496.50000000 982.00000000
204 56 496.50000000 1011.00000000
216 56 496.50000000 1023.50000000
228 56 496.50000000 1036.00000000
0 58 954.50000000 206.00000000
12 58 962.50000000 201.50000000
24 58 970.50000000 201.50000000
36 58 978.50000000 201.50000000
48 58 986.00000000 201.50000000
60 58 998.00000000 201.50000000
72 58 1010.00000000 201.50000000
84 58 1024.00000000 206.00000000
96 58 1036.00000000 206.00000000
108 58 1050.00000000 210.50000000
120 58 1063.00000000 210.50000000
132 58 1075.00000000 210.50000000
144 58 1089.00000000 210.50000000
156 58 1103.00000000 210.50000000
168 58 1117.00000000 210.50000000
180 58 1131.00000000 210.50000000
192 58 1143.00000000 206.00000000
204 58 1155.00000000 201.50000000
216 58 1163.00000000 201.50000000
228 58 1171.00000000 201.50000000
0 91 838.00000000 701.50000000
12 91 852.00000000 701.50000000
24 91 866.00000000 701.50000000
36 91 880.00000000 701.50000000
48 91 896.00000000 701.50000000
60 91 912.00000000 701.50000000
72 91 926.00000000 705.50000000
84 91 938.00000000 705.50000000
96 91 949.50000000 705.50000000
108 91 961.50000000 705.50000000
120 91 973.00000000 710.00000000
132 91 981.00000000 714.00000000
144 91 990.00000000 720.00000000
156 91 998.00000000 726.00000000
168 91 1008.00000000 730.50000000
180 91 1018.00000000 734.50000000
192 91 1028.00000000 738.50000000
204 91 1040.00000000 742.50000000
216 91 1050.00000000 747.00000000
228 91 1062.00000000 747.00000000
96 51 974.50000000 1948.00000000
108 51 962.50000000 1915.50000000
120 51 962.50000000 1899.00000000
132 51 960.50000000 1886.50000000
144 51 958.50000000 1870.00000000
156 51 958.50000000 1853.50000000
168 51 958.50000000 1841.00000000
180 51 962.50000000 1829.00000000
192 51 964.50000000 1816.00000000
204 51 966.50000000 1808.00000000
216 51 970.50000000 1796.00000000
228 51 972.50000000 1783.00000000
240 51 972.50000000 1762.50000000
252 51 972.50000000 1738.00000000
264 51 972.50000000 1713.00000000
276 51 970.50000000 1692.50000000
288 51 968.50000000 1676.00000000
300 51 966.50000000 1659.50000000
312 51 966.50000000 1647.00000000
324 51 966.50000000 1634.50000000
240 48 941.50000000 1839.00000000
252 48 939.50000000 1851.50000000
264 48 939.50000000 1864.00000000
276 48 939.50000000 1876.00000000
288 48 941.50000000 1888.50000000
300 48 945.50000000 1905.00000000
312 48 943.50000000 1913.00000000
324 48 941.50000000 1922.00000000
336 48 941.38000000 1912.12000000
348 48 941.17000000 1895.19000000
360 48 940.96000000 1878.26000000
372 48 940.75000000 1861.33000000
384 48 940.55000000 1844.40000000
396 48 940.34000000 1827.47000000
408 48 940.13000000 1810.54000000
420 48 939.92000000 1793.61000000
432 48 939.72000000 1776.68000000
444 48 939.51000000 1759.75000000
456 48 939.30000000 1742.82000000
468 48 939.09000000 1725.89000000
240 50 962.50000000 1461.00000000
252 50 962.50000000 1461.00000000
264 50 962.50000000 1461.00000000
276 50 962.50000000 1461.00000000
288 50 962.50000000 1461.00000000
300 50 962.50000000 1461.00000000
312 50 962.50000000 1461.00000000
324 50 962.50000000 1461.00000000
336 50 962.50000000 1461.00000000
348 50 962.50000000 1461.00000000
360 50 962.50000000 1461.00000000
372 50 962.50000000 1457.00000000
384 50 962.50000000 1453.00000000
396 50 962.50000000 1453.00000000
408 50 962.50000000 1449.00000000
420 50 962.50000000 1449.00000000
432 50 963.50000000 1445.00000000
444 50 963.50000000 1440.50000000
456 50 963.50000000 1440.50000000
468 50 963.50000000 1436.50000000
240 53 1304.00000000 631.00000000
252 53 1304.00000000 631.00000000
264 53 1304.00000000 631.00000000
276 53 1304.00000000 631.00000000
288 53 1304.00000000 631.00000000
300 53 1302.00000000 631.00000000
312 53 1300.00000000 631.00000000
324 53 1298.00000000 627.00000000
336 53 1296.00000000 625.00000000
348 53 1296.00000000 623.00000000
360 53 1296.00000000 623.00000000
372 53 1298.00000000 623.00000000
384 53 1298.00000000 623.00000000
396 53 1294.00000000 627.00000000
408 53 1290.00000000 635.50000000
420 53 1296.00000000 639.50000000
432 53 1302.00000000 643.50000000
444 53 1302.00000000 639.50000000
456 53 1302.00000000 639.50000000
468 53 1306.00000000 648.00000000
240 55 551.00000000 866.50000000
252 55 545.00000000 883.00000000
264 55 539.00000000 895.50000000
276 55 533.00000000 912.00000000
288 55 527.00000000 928.50000000
300 55 527.00000000 941.00000000
312 55 527.00000000 953.50000000
324 55 527.00000000 970.00000000
336 55 527.00000000 982.00000000
348 55 527.00000000 994.50000000
360 55 529.00000000 1007.00000000
372 55 531.00000000 1023.50000000
384 55 531.00000000 1036.00000000
396 55 533.00000000 1048.00000000
408 55 535.00000000 1065.00000000
420 55 535.00000000 1081.50000000
432 55 537.00000000 1094.00000000
444 55 539.00000000 1114.50000000
456 55 539.00000000 1131.00000000
468 55 539.00000000 1139.00000000
240 57 496.50000000 1048.00000000
252 57 498.50000000 1061.00000000
264 57 498.50000000 1073.00000000
276 57 498.50000000 1085.50000000
288 57 498.50000000 1098.00000000
300 57 500.50000000 1114.50000000
312 57 504.00000000 1127.00000000
324 57 508.00000000 1143.00000000
336 57 512.00000000 1156.00000000
348 57 516.00000000 1172.00000000
360 57 522.00000000 1189.00000000
372 57 524.00000000 1201.00000000
384 57 524.00000000 1217.50000000
396 57 524.00000000 1230.00000000
408 57 524.00000000 1246.50000000
420 57 524.00000000 1259.00000000
432 57 526.00000000 1267.00000000
444 57 528.00000000 1279.50000000
456 57 530.00000000 1288.00000000
468 57 532.00000000 1300.00000000
240 59 1194.50000000 201.50000000
252 59 1196.50000000 210.50000000
264 59 1196.50000000 210.50000000
276 59 1198.50000000 210.50000000
288 59 1200.50000000 210.50000000
300 59 1202.50000000 210.50000000
312 59 1202.50000000 210.50000000
324 59 1204.50000000 210.50000000
336 59 1206.50000000 210.50000000
348 59 1208.50000000 210.50000000
360 59 1208.50000000 210.50000000
372 59 1210.50000000 210.50000000
384 59 1212.50000000 206.00000000
396 59 1216.50000000 206.00000000
408 59 1201.50000000 201.50000000
420 59 1180.50000000 201.50000000
432 59 1160.00000000 201.50000000
444 59 1139.00000000 201.50000000
456 59 1118.00000000 201.50000000
468 59 1097.00000000 201.50000000
240 92 1074.00000000 751.00000000
252 92 1084.00000000 751.00000000
264 92 1096.00000000 751.00000000
276 92 1108.00000000 755.00000000
288 92 1120.00000000 755.00000000
300 92 1132.00000000 755.00000000
312 92 1144.00000000 755.00000000
324 92 1156.00000000 759.50000000
336 92 1168.00000000 763.50000000
348 92 1178.00000000 767.50000000
360 92 1189.50000000 771.50000000
372 92 1199.50000000 775.50000000
384 92 1211.00000000 780.00000000
396 92 1221.00000000 784.00000000
408 92 1233.00000000 788.00000000
420 92 1243.00000000 792.50000000
432 92 1255.00000000 796.50000000
444 92 1267.00000000 796.50000000
456 92 1279.00000000 800.50000000
468 92 1293.00000000 804.50000000
264 27 909.00000000 28.50000000
276 27 909.00000000 37.00000000
288 27 909.00000000 47.00000000
300 27 911.00000000 55.00000000
312 27 911.00000000 65.50000000
324 27 913.00000000 74.00000000
336 27 913.00000000 84.00000000
348 27 913.00000000 92.00000000
360 27 915.00000000 101.00000000
372 27 915.00000000 109.00000000
384 27 915.00000000 117.00000000
396 27 915.00000000 125.00000000
408 27 915.00000000 134.00000000
420 27 915.00000000 142.00000000
432 27 915.00000000 146.00000000
444 27 915.00000000 146.00000000
456 27 915.00000000 146.00000000
468 27 915.00000000 146.00000000
480 27 915.00000000 183.00000000
492 27 917.00000000 229.00000000
504 10 728.50000000 1304.50000000
516 10 732.50000000 1304.50000000
528 10 734.50000000 1304.50000000
540 10 738.50000000 1304.50000000
552 10 740.50000000 1304.50000000
564 10 744.50000000 1304.50000000
576 10 746.00000000 1304.50000000
588 10 750.00000000 1304.50000000
600 10 752.00000000 1304.50000000
612 10 756.00000000 1304.50000000
624 10 758.00000000 1304.50000000
636 10 762.00000000 1304.50000000
648 10 764.00000000 1304.50000000
660 10 768.00000000 1304.50000000
672 10 770.00000000 1304.50000000
684 10 774.00000000 1304.50000000
696 10 774.00000000 1304.50000000
708 10 772.00000000 1308.50000000
720 10 770.00000000 1312.50000000
732 10 768.00000000 1316.50000000
504 28 917.00000000 239.00000000
516 28 917.00000000 251.00000000
528 28 917.00000000 266.00000000
540 28 918.00000000 276.00000000
552 28 919.00000000 288.50000000
564 28 919.00000000 303.00000000
576 28 920.00000000 313.50000000
588 28 920.00000000 327.50000000
600 28 921.00000000 340.50000000
612 28 922.00000000 352.50000000
624 28 922.00000000 364.50000000
636 28 922.00000000 377.50000000
648 28 924.00000000 387.50000000
660 28 924.00000000 400.00000000
672 28 924.00000000 408.50000000
684 28 924.00000000 418.50000000
696 28 924.00000000 428.50000000
708 28 924.00000000 439.50000000
720 28 924.00000000 449.50000000
732 28 924.00000000 460.00000000
504 37 1405.00000000 728.00000000
516 37 1405.00000000 728.00000000
528 37 1405.00000000 728.00000000
540 37 1405.00000000 728.00000000
552 37 1405.00000000 728.00000000
564 37 1405.00000000 728.00000000
576 37 1405.00000000 728.00000000
588 37 1405.00000000 728.00000000
600 37 1405.00000000 728.00000000
612 37 1405.00000000 728.00000000
624 37 1405.00000000 728.00000000
636 37 1405.00000000 728.00000000
648 37 1405.00000000 728.00000000
660 37 1405.00000000 728.00000000
672 37 1405.00000000 728.00000000
684 37 1405.00000000 728.00000000
696 37 1405.00000000 728.00000000
708 37 1405.00000000 728.00000000
720 37 1405.00000000 728.00000000
732 37 1405.00000000 728.00000000
504 95 735.50000000 1463.50000000
516 95 735.50000000 1463.50000000
528 95 735.50000000 1467.50000000
540 95 735.50000000 1471.50000000
552 95 735.50000000 1471.50000000
564 95 735.50000000 1475.50000000
576 95 735.50000000 1479.50000000
588 95 735.50000000 1479.50000000
600 95 734.50000000 1479.50000000
612 95 732.50000000 1477.50000000
624 95 734.50000000 1486.00000000
636 95 738.50000000 1494.50000000
648 95 742.00000000 1502.50000000
660 95 744.00000000 1515.00000000
672 95 748.00000000 1523.00000000
684 95 754.00000000 1535.50000000
696 95 760.00000000 1545.50000000
708 95 766.00000000 1558.50000000
720 95 773.00000000 1572.50000000
732 95 775.00000000 1589.50000000
504 97 1389.00000000 742.50000000
516 97 1389.00000000 742.50000000
528 97 1389.00000000 742.50000000
540 97 1389.00000000 742.50000000
552 97 1389.00000000 745.00000000
564 97 1389.00000000 747.00000000
576 97 1389.00000000 747.00000000
588 97 1389.00000000 747.00000000
600 97 1389.00000000 747.00000000
612 97 1389.00000000 749.00000000
624 97 1389.00000000 751.00000000
636 97 1389.00000000 751.00000000
648 97 1389.00000000 751.00000000
660 97 1389.00000000 753.00000000
672 97 1389.00000000 753.00000000
684 97 1389.00000000 753.00000000
696 97 1389.00000000 755.00000000
708 97 1389.00000000 757.00000000
720 97 1389.00000000 757.00000000
732 97 1389.00000000 757.00000000
504 99 1416.00000000 728.00000000
516 99 1416.00000000 728.00000000
528 99 1416.00000000 728.00000000
540 99 1416.00000000 728.00000000
552 99 1416.00000000 728.00000000
564 99 1416.00000000 728.00000000
576 99 1416.00000000 728.00000000
588 99 1416.00000000 728.00000000
600 99 1416.00000000 728.00000000
612 99 1416.00000000 728.00000000
624 99 1416.00000000 728.00000000
636 99 1416.00000000 728.00000000
648 99 1416.00000000 728.00000000
660 99 1416.00000000 728.00000000
672 99 1416.00000000 728.00000000
684 99 1416.00000000 728.00000000
696 99 1416.00000000 728.00000000
708 99 1416.00000000 728.00000000
720 99 1416.00000000 728.00000000
732 99 1416.00000000 728.00000000
564 89 621.00000000 1374.50000000
576 89 625.00000000 1397.00000000
588 89 627.00000000 1422.00000000
600 89 635.00000000 1430.50000000
612 89 643.00000000 1438.50000000
624 89 649.00000000 1451.00000000
636 89 655.00000000 1463.50000000
648 89 661.00000000 1475.50000000
660 89 663.00000000 1484.00000000
672 89 663.00000000 1492.00000000
684 89 663.00000000 1500.50000000
696 89 663.00000000 1517.00000000
708 89 663.00000000 1550.00000000
720 89 663.00000000 1562.50000000
732 89 663.00000000 1570.50000000
744 89 663.00000000 1579.00000000
756 89 661.00000000 1591.50000000
768 89 661.00000000 1599.50000000
780 89 661.00000000 1608.00000000
792 89 661.00000000 1616.00000000
636 90 624.00000000 1364.50000000
648 90 626.00000000 1372.50000000
660 90 630.00000000 1386.50000000
672 90 632.00000000 1409.50000000
684 90 634.00000000 1430.50000000
696 90 644.00000000 1438.50000000
708 90 658.00000000 1438.50000000
720 90 662.00000000 1455.00000000
732 90 662.00000000 1484.00000000
744 90 665.00000000 1504.50000000
756 90 671.00000000 1521.00000000
768 90 675.00000000 1529.50000000
780 90 675.00000000 1529.50000000
792 90 675.00000000 1529.50000000
804 90 679.00000000 1535.50000000
816 90 679.00000000 1535.50000000
828 90 679.00000000 1535.50000000
840 90 679.00000000 1535.50000000
852 90 679.00000000 1535.50000000
864 90 684.00000000 1552.00000000
648 96 1162.00000000 1075.00000000
660 96 1166.00000000 1054.50000000
672 96 1172.00000000 1038.00000000
684 96 1177.50000000 1023.50000000
696 96 1183.50000000 1009.00000000
708 96 1189.50000000 994.50000000
720 96 1193.50000000 980.00000000
732 96 1199.50000000 965.50000000
744 96 1205.50000000 949.50000000
756 96 1211.50000000 937.00000000
768 96 1217.50000000 920.50000000
780 96 1224.00000000 905.50000000
792 96 1231.00000000 891.50000000
804 96 1238.00000000 875.00000000
816 96 1245.00000000 860.50000000
828 96 1252.00000000 844.00000000
840 96 1262.00000000 823.50000000
852 96 1270.00000000 802.50000000
864 96 1280.00000000 782.00000000
876 96 1290.00000000 761.50000000
744 11 766.00000000 1320.50000000
756 11 764.00000000 1325.00000000
768 11 762.00000000 1329.50000000
780 11 760.00000000 1333.50000000
792 11 758.00000000 1337.50000000
804 11 756.00000000 1341.50000000
816 11 754.00000000 1345.50000000
828 11 752.00000000 1349.50000000
840 11 750.00000000 1358.00000000
852 11 740.50000000 1366.50000000
864 11 732.50000000 1374.50000000
876 11 724.50000000 1384.50000000
888 11 714.50000000 1393.00000000
900 11 712.50000000 1405.50000000
912 11 708.50000000 1418.00000000
924 11 706.50000000 1434.50000000
936 11 704.50000000 1446.50000000
948 11 702.50000000 1459.50000000
960 11 700.50000000 1475.50000000
972 11 700.50000000 1488.00000000
744 29 924.00000000 472.50000000
756 29 926.00000000 480.50000000
768 29 928.00000000 493.00000000
780 29 930.00000000 505.50000000
792 29 932.00000000 517.50000000
804 29 933.50000000 530.00000000
816 29 935.50000000 538.50000000
828 29 935.50000000 550.50000000
840 29 939.50000000 563.50000000
852 29 941.50000000 571.50000000
864 29 943.50000000 583.50000000
876 29 945.50000000 596.50000000
888 29 949.50000000 604.50000000
900 29 951.50000000 616.50000000
912 29 953.50000000 629.50000000
924 29 957.50000000 637.50000000
936 29 959.50000000 649.50000000
948 29 961.50000000 662.50000000
960 29 965.50000000 674.50000000
972 29 967.50000000 682.50000000
744 38 1405.00000000 728.00000000
756 38 1405.00000000 728.00000000
768 38 1405.00000000 728.00000000
780 38 1405.00000000 728.00000000
792 38 1405.00000000 728.00000000
804 38 1405.00000000 728.00000000
816 38 1405.00000000 728.00000000
828 38 1405.00000000 728.00000000
840 38 1405.00000000 728.00000000
852 38 1405.00000000 728.00000000
864 38 1405.00000000 728.00000000
876 38 1405.00000000 728.00000000
888 38 1405.00000000 728.00000000
900 38 1405.00000000 728.00000000
912 38 1405.00000000 728.00000000
924 38 1405.00000000 728.00000000
936 38 1405.00000000 728.00000000
948 38 1405.00000000 728.00000000
960 38 1405.00000000 728.00000000
972 38 1405.00000000 728.00000000
744 98 1389.00000000 757.00000000
756 98 1389.00000000 759.50000000
768 98 1389.00000000 761.50000000
780 98 1389.00000000 761.50000000
792 98 1389.00000000 761.50000000
804 98 1389.00000000 761.50000000
816 98 1389.00000000 765.50000000
828 98 1391.00000000 773.50000000
840 98 1391.00000000 782.00000000
852 98 1393.00000000 790.00000000
864 98 1395.00000000 798.50000000
876 98 1397.00000000 807.00000000
888 98 1397.00000000 815.00000000
900 98 1402.00000000 835.50000000
912 98 1406.00000000 848.00000000
924 98 1410.00000000 856.50000000
936 98 1412.00000000 868.50000000
948 98 1417.00000000 881.00000000
960 98 1418.00000000 889.50000000
972 98 1418.00000000 897.50000000
744 100 1416.00000000 728.00000000
756 100 1416.00000000 728.00000000
768 100 1416.00000000 728.00000000
780 100 1416.00000000 728.00000000
792 100 1416.00000000 728.00000000
804 100 1416.00000000 728.00000000
816 100 1416.00000000 728.00000000
828 100 1416.00000000 728.00000000
840 100 1416.00000000 728.00000000
852 100 1416.00000000 728.00000000
864 100 1416.00000000 728.00000000
876 100 1416.00000000 728.00000000
888 100 1416.00000000 728.00000000
900 100 1416.00000000 728.00000000
912 100 1416.00000000 728.00000000
924 100 1416.00000000 728.00000000
936 100 1416.00000000 728.00000000
948 100 1416.00000000 728.00000000
960 100 1416.00000000 728.00000000
972 100 1416.00000000 728.00000000
828 5 1168.50000000 1068.50000000
840 5 1172.50000000 1048.50000000
852 5 1177.50000000 1038.00000000
864 5 1183.50000000 1027.50000000
876 5 1189.50000000 1019.50000000
888 5 1195.50000000 1009.00000000
900 5 1201.50000000 999.00000000
912 5 1206.50000000 988.50000000
924 5 1212.50000000 980.00000000
936 5 1220.50000000 963.50000000
948 5 1228.00000000 947.00000000
960 5 1236.00000000 935.00000000
972 5 1244.00000000 918.00000000
984 5 1250.00000000 906.00000000
996 5 1256.00000000 893.50000000
1008 5 1262.00000000 877.00000000
1020 5 1269.00000000 862.50000000
1032 5 1276.00000000 848.00000000
1044 5 1283.00000000 834.00000000
1056 5 1292.00000000 821.00000000
852 21 1409.00000000 848.00000000
864 21 1403.00000000 844.00000000
876 21 1391.00000000 848.00000000
888 21 1379.00000000 852.00000000
900 21 1367.00000000 852.00000000
912 21 1358.00000000 844.00000000
924 21 1350.00000000 836.00000000
936 21 1335.00000000 836.00000000
948 21 1324.00000000 844.00000000
960 21 1310.00000000 827.00000000
972 21 1296.00000000 827.00000000
984 21 1282.00000000 823.00000000
996 21 1270.00000000 831.50000000
1008 21 1257.00000000 829.00000000
1020 21 1245.00000000 827.00000000
1032 21 1233.00000000 821.00000000
1044 21 1221.00000000 817.00000000
1056 21 1211.00000000 815.00000000
1068 21 1195.50000000 815.00000000
1080 21 1182.00000000 819.00000000
900 19 937.50000000 1929.50000000
912 19 937.50000000 1921.50000000
924 19 939.50000000 1917.50000000
936 19 941.50000000 1913.50000000
948 19 943.50000000 1909.50000000
960 19 945.50000000 1896.50000000
972 19 947.50000000 1884.50000000
984 19 949.50000000 1872.00000000
996 19 949.50000000 1859.50000000
1008 19 950.50000000 1837.00000000
1020 19 952.50000000 1812.50000000
1032 19 953.50000000 1787.50000000
1044 19 954.50000000 1762.50000000
1056 19 956.50000000 1740.00000000
1068 19 956.50000000 1731.50000000
1080 19 956.50000000 1723.50000000
1092 19 956.50000000 1715.00000000
1104 19 956.50000000 1707.00000000
1116 19 956.50000000 1694.50000000
1128 19 956.50000000 1682.00000000
936 43 1267.00000000 656.00000000
948 43 1257.00000000 666.50000000
960 43 1247.00000000 674.50000000
972 43 1235.00000000 682.50000000
984 43 1227.00000000 691.50000000
996 43 1223.50000000 691.50000000
1008 43 1220.50000000 689.00000000
1020 43 1217.50000000 691.00000000
1032 43 1214.50000000 693.00000000
1044 43 1211.50000000 693.00000000
1056 43 1209.50000000 697.00000000
1068 43 1205.50000000 705.50000000
1080 43 1201.50000000 714.00000000
1092 43 1185.50000000 718.00000000
1104 43 1170.00000000 726.00000000
1116 43 1156.00000000 734.50000000
1128 43 1140.00000000 739.00000000
1140 43 1124.00000000 747.00000000
1152 43 1110.00000000 755.00000000
1164 43 1094.00000000 759.00000000
960 17 698.50000000 43.00000000
972 17 685.00000000 43.00000000
984 17 675.00000000 43.00000000
996 17 667.00000000 43.00000000
1008 17 664.00000000 49.00000000
1020 17 663.00000000 57.50000000
1032 17 660.00000000 63.50000000
1044 17 658.00000000 70.00000000
1056 17 657.00000000 80.00000000
1068 17 647.00000000 80.00000000
1080 17 637.00000000 80.00000000
1092 17 629.00000000 80.00000000
1104 17 619.00000000 84.00000000
1116 17 611.00000000 84.00000000
1128 17 603.00000000 84.00000000
1140 17 595.00000000 84.00000000
1152 17 583.00000000 80.00000000
1164 17 567.00000000 80.00000000
1176 17 551.00000000 76.00000000
1188 17 537.00000000 76.00000000
984 12 700.50000000 1500.50000000
996 12 700.50000000 1512.50000000
1008 12 702.50000000 1527.50000000
1020 12 704.50000000 1535.50000000
1032 12 706.50000000 1546.00000000
1044 12 708.50000000 1556.00000000
1056 12 710.50000000 1566.50000000
1068 12 712.50000000 1583.00000000
1080 12 714.50000000 1604.00000000
1092 12 714.50000000 1633.00000000
1104 12 714.50000000 1657.00000000
1116 12 714.50000000 1678.00000000
1128 12 714.50000000 1699.00000000
1140 12 714.50000000 1719.00000000
1152 12 714.50000000 1732.00000000
1164 12 714.50000000 1736.00000000
1176 12 714.50000000 1744.00000000
1188 12 714.50000000 1752.00000000
1200 12 714.50000000 1761.00000000
1212 12 714.50000000 1769.00000000
984 30 971.50000000 691.50000000
996 30 975.50000000 703.50000000
1008 30 984.00000000 722.00000000
1020 30 992.00000000 734.50000000
1032 30 1000.00000000 745.00000000
1044 30 1008.00000000 755.00000000
1056 30 1017.00000000 767.50000000
1068 30 1023.00000000 776.00000000
1080 30 1031.00000000 784.00000000
1092 30 1037.00000000 792.00000000
1104 30 1045.00000000 801.00000000
1116 30 1053.00000000 809.00000000
1128 30 1059.00000000 817.00000000
1140 30 1067.00000000 825.00000000
1152 30 1075.00000000 834.00000000
1164 30 1081.00000000 842.00000000
1176 30 1089.00000000 850.00000000
1188 30 1095.00000000 858.00000000
1200 30 1103.00000000 867.00000000
1212 30 1111.00000000 871.00000000
984 39 1405.00000000 728.00000000
996 39 1405.00000000 728.00000000
1008 39 1404.00000000 728.00000000
1020 39 1404.00000000 728.00000000
1032 39 1404.00000000 728.00000000
1044 39 1404.00000000 728.00000000
1056 39 1404.00000000 728.00000000
1068 39 1404.00000000 728.00000000
1080 39 1404.00000000 728.00000000
1092 39 1404.00000000 728.00000000
1104 39 1404.00000000 728.00000000
1116 39 1404.00000000 728.00000000
1128 39 1404.00000000 728.00000000
1140 39 1404.00000000 728.00000000
1152 39 1404.00000000 728.00000000
1164 39 1404.00000000 728.00000000
1176 39 1404.00000000 728.00000000
1188 39 1403.00000000 730.00000000
1200 39 1403.00000000 730.00000000
1212 39 1403.00000000 730.00000000
996 8 1124.00000000 674.50000000
1008 8 1124.00000000 674.50000000
1020 8 1124.00000000 674.50000000
1032 8 1124.00000000 674.50000000
1044 8 1124.00000000 674.50000000
1056 8 1124.00000000 674.50000000
1068 8 1124.00000000 674.50000000
1080 8 1124.00000000 674.50000000
1092 8 1124.00000000 674.50000000
1104 8 1124.00000000 674.50000000
1116 8 1124.00000000 674.50000000
1128 8 1124.00000000 674.50000000
1140 8 1124.00000000 674.50000000
1152 8 1124.00000000 674.50000000
1164 8 1124.00000000 674.50000000
1176 8 1124.00000000 674.50000000
1188 8 1124.00000000 674.50000000
1200 8 1124.00000000 674.50000000
1212 8 1124.00000000 674.50000000
1224 8 1124.00000000 674.50000000
996 13 1361.00000000 992.50000000
1008 13 1323.00000000 992.50000000
1020 13 1291.00000000 992.50000000
1032 13 1261.00000000 997.00000000
1044 13 1229.00000000 997.00000000
1056 13 1199.50000000 1001.00000000
1068 13 1172.00000000 1009.00000000
1080 13 1144.00000000 1017.50000000
1092 13 1116.00000000 1025.50000000
1104 13 1088.00000000 1034.00000000
1116 13 1062.00000000 1042.00000000
1128 13 1038.00000000 1050.50000000
1140 13 1014.00000000 1063.00000000
1152 13 990.00000000 1083.50000000
1164 13 966.50000000 1092.00000000
1176 13 946.50000000 1096.00000000
1188 13 927.00000000 1104.00000000
1200 13 909.00000000 1125.00000000
1212 13 891.00000000 1141.00000000
1224 13 873.00000000 1162.00000000
996 15 1374.00000000 1126.00000000
1008 15 1354.00000000 1106.00000000
1020 15 1338.00000000 1106.00000000
1032 15 1322.00000000 1106.00000000
1044 15 1306.00000000 1106.00000000
1056 15 1292.00000000 1106.00000000
1068 15 1260.00000000 1106.00000000
1080 15 1230.00000000 1106.00000000
1092 15 1198.50000000 1106.00000000
1104 15 1169.00000000 1106.00000000
1116 15 1139.00000000 1106.00000000
1128 15 1107.00000000 1106.00000000
1140 15 1077.00000000 1106.00000000
1152 15 1059.00000000 1114.00000000
1164 15 1035.00000000 1118.50000000
1176 15 1005.00000000 1123.00000000
1188 15 979.00000000 1131.00000000
1200 15 959.50000000 1147.50000000
1212 15 939.50000000 1164.00000000
1224 15 920.00000000 1184.50000000
1068 6 1296.00000000 800.50000000
1080 6 1302.00000000 780.00000000
1092 6 1306.00000000 767.50000000
1104 6 1310.00000000 755.00000000
1116 6 1316.00000000 747.00000000
1128 6 1320.00000000 734.50000000
1140 6 1326.00000000 726.00000000
1152 6 1330.00000000 714.00000000
1164 6 1329.00000000 709.50000000
1176 6 1335.00000000 689.00000000
1188 6 1337.00000000 678.50000000
1200 6 1337.00000000 672.50000000
1212 6 1337.00000000 666.50000000
1224 6 1337.00000000 660.00000000
1236 6 1336.00000000 656.00000000
1248 6 1336.00000000 652.00000000
1260 6 1336.00000000 652.00000000
1272 6 1336.00000000 648.00000000
1284 6 1336.00000000 648.00000000
1296 6 1336.00000000 643.50000000
1092 22 1176.00000000 815.00000000
1104 22 1170.00000000 811.00000000
1116 22 1164.00000000 806.50000000
1128 22 1158.00000000 806.50000000
1140 22 1152.00000000 802.50000000
1152 22 1146.00000000 798.50000000
1164 22 1140.00000000 798.50000000
1176 22 1126.00000000 790.50000000
1188 22 1112.00000000 786.00000000
1200 22 1100.00000000 782.00000000
1212 22 1086.00000000 782.00000000
1224 22 1074.00000000 778.00000000
1236 22 1060.00000000 773.50000000
1248 22 1048.00000000 769.50000000
1260 22 1036.00000000 765.50000000
1272 22 1024.00000000 765.50000000
1284 22 1012.00000000 761.50000000
1296 22 1000.00000000 757.00000000
1308 22 988.00000000 753.00000000
1320 22 976.00000000 753.00000000
1140 20 956.50000000 1670.00000000
1152 20 956.50000000 1657.50000000
1164 20 956.50000000 1645.00000000
1176 20 956.50000000 1632.50000000
1188 20 956.50000000 1624.50000000
1200 20 956.50000000 1612.00000000
1212 20 956.50000000 1603.50000000
1224 20 956.50000000 1591.50000000
1236 20 956.50000000 1583.00000000
1248 20 958.50000000 1566.50000000
1260 20 958.50000000 1546.00000000
1272 20 958.50000000 1525.00000000
1284 20 958.50000000 1504.50000000
1296 20 954.50000000 1500.50000000
1308 20 950.50000000 1496.50000000
1320 20 948.50000000 1492.00000000
1332 20 944.50000000 1488.00000000
1344 20 940.50000000 1484.00000000
1356 20 939.00000000 1480.00000000
1368 20 935.00000000 1475.50000000
1176 44 1086.00000000 751.00000000
1188 44 1076.00000000 743.00000000
1200 44 1068.00000000 734.50000000
1212 44 1060.00000000 726.00000000
1224 44 1052.00000000 718.00000000
1236 44 1042.00000000 705.50000000
1248 44 1032.00000000 697.00000000
1260 44 1022.00000000 693.00000000
1272 44 1010.00000000 685.00000000
1284 44 1000.00000000 677.00000000
1296 44 990.00000000 668.50000000
1308 44 978.00000000 660.00000000
1320 44 968.50000000 652.00000000
1332 44 956.50000000 648.00000000
1344 44 946.50000000 639.50000000
1356 44 935.00000000 631.00000000
1368 44 925.00000000 623.00000000
1380 44 913.00000000 615.00000000
1392 44 903.00000000 611.00000000
1404 44 891.00000000 611.00000000
1200 18 525.00000000 76.00000000
1212 18 513.00000000 76.00000000
1224 18 501.00000000 76.00000000
1236 18 491.50000000 76.00000000
1248 18 479.50000000 76.00000000
1260 18 467.50000000 76.00000000
1272 18 456.00000000 76.00000000
1284 18 446.00000000 76.00000000
1296 18 432.00000000 76.00000000
1308 18 418.00000000 80.00000000
1320 18 406.00000000 84.00000000
1332 18 392.00000000 88.00000000
1344 18 380.00000000 92.50000000
1356 18 366.00000000 96.50000000
1368 18 352.00000000 96.50000000
1380 18 340.00000000 101.00000000
1392 18 331.00000000 103.00000000
1404 18 325.00000000 103.00000000
1416 18 319.00000000 103.00000000
1428 18 304.00000000 113.00000000
1224 31 1117.00000000 879.00000000
1236 31 1125.00000000 887.00000000
1248 31 1131.00000000 895.50000000
1260 31 1137.00000000 904.00000000
1272 31 1143.00000000 912.00000000
1284 31 1149.00000000 920.00000000
1296 31 1159.00000000 924.00000000
1308 31 1171.00000000 929.00000000
1320 31 1180.50000000 933.00000000
1332 31 1192.50000000 937.00000000
1344 31 1204.50000000 941.00000000
1356 31 1214.50000000 945.00000000
1368 31 1226.00000000 949.00000000
1380 31 1238.00000000 953.00000000
1392 31 1250.00000000 962.00000000
1404 31 1264.00000000 974.00000000
1416 31 1278.00000000 986.00000000
1428 31 1290.00000000 995.00000000
1440 31 1302.00000000 999.00000000
1452 31 1314.00000000 1007.00000000
1224 40 1403.00000000 730.00000000
1236 40 1403.00000000 730.00000000
1248 40 1403.00000000 730.00000000
1260 40 1403.00000000 730.00000000
1272 40 1403.00000000 730.00000000
1284 40 1403.00000000 730.00000000
1296 40 1403.00000000 730.00000000
1308 40 1403.00000000 730.00000000
1320 40 1403.00000000 730.00000000
1332 40 1403.00000000 730.00000000
1344 40 1402.00000000 730.00000000
1356 40 1402.00000000 730.00000000
1368 40 1402.00000000 730.00000000
1380 40 1402.00000000 730.00000000
1392 40 1402.00000000 730.00000000
1404 40 1402.00000000 730.00000000
1416 40 1402.00000000 730.00000000
1428 40 1402.00000000 730.00000000
1440 40 1402.00000000 730.00000000
1452 40 1402.00000000 730.00000000
1236 9 1124.00000000 674.50000000
1248 9 1124.00000000 674.50000000
1260 9 1124.00000000 674.50000000
1272 9 1124.00000000 674.50000000
1284 9 1124.00000000 674.50000000
1296 9 1124.00000000 674.50000000
1308 9 1124.00000000 674.50000000
1320 9 1124.00000000 674.50000000
1332 9 1124.00000000 674.50000000
1344 9 1124.00000000 674.50000000
1356 9 1124.00000000 674.50000000
1368 9 1124.00000000 674.50000000
1380 9 1124.00000000 674.50000000
1392 9 1124.00000000 674.50000000
1404 9 1124.00000000 674.50000000
1416 9 1124.00000000 674.50000000
1428 9 1124.00000000 674.50000000
1440 9 1124.00000000 674.50000000
1452 9 1124.00000000 674.50000000
1464 9 1124.00000000 674.50000000
1236 14 855.00000000 1182.50000000
1248 14 841.00000000 1211.50000000
1260 14 829.00000000 1244.50000000
1272 14 817.00000000 1281.50000000
1284 14 805.00000000 1319.00000000
1296 14 798.00000000 1327.00000000
1308 14 792.00000000 1343.50000000
1320 14 788.00000000 1376.50000000
1332 14 784.00000000 1405.50000000
1344 14 779.00000000 1438.50000000
1356 14 775.00000000 1471.50000000
1368 14 770.00000000 1500.50000000
1380 14 765.00000000 1533.50000000
1392 14 761.00000000 1562.50000000
1404 14 761.00000000 1591.00000000
1416 14 763.00000000 1616.00000000
1428 14 763.00000000 1641.00000000
1440 14 765.00000000 1670.00000000
1452 14 765.00000000 1711.00000000
1464 14 765.00000000 1752.00000000
1236 16 900.00000000 1201.00000000
1248 16 886.00000000 1218.00000000
1260 16 876.00000000 1238.00000000
1272 16 866.00000000 1259.00000000
1284 16 864.00000000 1321.00000000
1296 16 851.00000000 1325.00000000
1308 16 841.00000000 1343.50000000
1320 16 837.00000000 1372.50000000
1332 16 833.00000000 1403.50000000
1344 16 828.00000000 1430.00000000
1356 16 823.00000000 1461.00000000
1368 16 818.00000000 1490.00000000
1380 16 814.00000000 1517.00000000
1392 16 812.00000000 1581.00000000
1404 16 810.00000000 1618.00000000
1416 16 808.00000000 1651.00000000
1428 16 806.00000000 1680.00000000
1440 16 804.00000000 1713.00000000
1452 16 804.00000000 1742.00000000
1464 16 804.00000000 1771.00000000
1308 7 1335.00000000 643.50000000
1320 7 1335.00000000 639.50000000
1332 7 1335.00000000 639.50000000
1344 7 1335.00000000 635.50000000
1356 7 1335.00000000 635.50000000
1368 7 1335.00000000 631.00000000
1380 7 1333.00000000 627.00000000
1392 7 1333.00000000 627.00000000
1404 7 1333.00000000 623.00000000
1416 7 1333.00000000 623.00000000
1428 7 1333.00000000 619.00000000
1440 7 1333.00000000 619.00000000
1452 7 1333.00000000 615.00000000
1464 7 1332.00000000 615.00000000
1476 7 1332.00000000 610.50000000
1488 7 1332.00000000 606.50000000
1500 7 1332.00000000 606.50000000
1512 7 1332.00000000 602.50000000
1524 7 1332.00000000 602.50000000
1536 7 1332.00000000 602.50000000
1332 23 964.50000000 749.00000000
1344 23 952.50000000 745.00000000
1356 23 941.00000000 740.50000000
1368 23 929.00000000 740.50000000
1380 23 917.00000000 736.50000000
1392 23 899.00000000 728.50000000
1404 23 879.00000000 724.00000000
1416 23 859.00000000 716.00000000
1428 23 841.00000000 716.00000000
1440 23 825.00000000 716.00000000
1452 23 809.00000000 716.00000000
1464 23 795.00000000 720.00000000
1476 23 779.00000000 720.00000000
1488 23 763.00000000 720.00000000
1500 23 749.00000000 724.00000000
1512 23 738.00000000 724.00000000
1524 23 727.50000000 724.00000000
1536 23 716.50000000 726.50000000
1548 23 704.50000000 726.50000000
1560 23 693.00000000 726.50000000
1416 45 879.00000000 611.00000000
1428 45 869.00000000 602.00000000
1440 45 859.00000000 594.00000000
1452 45 847.00000000 582.00000000
1464 45 837.00000000 569.00000000
1476 45 827.00000000 561.00000000
1488 45 817.00000000 549.00000000
1500 45 807.00000000 540.50000000
1512 45 793.00000000 534.00000000
1524 45 781.00000000 530.00000000
1536 45 768.00000000 528.00000000
1548 45 759.00000000 520.00000000
1560 45 753.00000000 511.50000000
1572 45 745.00000000 499.00000000
1584 45 737.00000000 487.00000000
1596 45 725.50000000 474.50000000
1608 45 715.50000000 458.00000000
1620 45 705.50000000 445.50000000
1632 45 700.00000000 433.00000000
1644 45 694.00000000 420.50000000
1464 41 1402.00000000 730.00000000
1476 41 1402.00000000 730.00000000
1488 41 1402.00000000 730.00000000
1500 41 1402.00000000 730.00000000
1512 41 1402.00000000 726.00000000
1524 41 1402.00000000 726.00000000
1536 41 1402.00000000 726.00000000
1548 41 1402.00000000 726.00000000
1560 41 1402.00000000 726.00000000
1572 41 1402.00000000 726.00000000
1584 41 1402.00000000 726.00000000
1596 41 1403.00000000 726.00000000
1608 41 1403.00000000 724.00000000
1620 41 1403.00000000 724.00000000
1632 41 1403.00000000 724.00000000
1644 41 1403.00000000 724.00000000
1656 41 1403.00000000 724.00000000
1668 41 1403.00000000 724.00000000
1680 41 1404.00000000 722.00000000
1692 41 1404.00000000 722.00000000
1500 25 818.00000000 519.50000000
1512 25 808.00000000 509.50000000
1524 25 798.00000000 499.00000000
1536 25 788.00000000 491.00000000
1548 25 778.00000000 480.50000000
1560 25 770.00000000 472.50000000
1572 25 762.00000000 464.00000000
1584 25 754.00000000 455.50000000
1596 25 744.00000000 447.50000000
1608 25 736.00000000 439.50000000
1620 25 728.50000000 431.00000000
1632 25 720.50000000 422.50000000
1644 25 712.50000000 414.50000000
1656 25 706.50000000 402.00000000
1668 25 703.00000000 389.50000000
1680 25 701.00000000 377.50000000
1692 25 699.00000000 365.00000000
1704 25 695.00000000 352.50000000
1716 25 693.00000000 340.00000000
1728 25 689.00000000 327.50000000
1500 33 1413.00000000 749.00000000
1512 33 1413.00000000 749.00000000
1524 33 1413.00000000 749.00000000
1536 33 1413.00000000 749.00000000
1548 33 1413.00000000 749.00000000
1560 33 1413.00000000 749.00000000
1572 33 1413.00000000 749.00000000
1584 33 1413.00000000 749.00000000
1596 33 1413.00000000 749.00000000
1608 33 1413.00000000 749.00000000
1620 33 1413.00000000 749.00000000
1632 33 1413.00000000 749.00000000
1644 33 1413.00000000 749.00000000
1656 33 1413.00000000 749.00000000
1668 33 1413.00000000 749.00000000
1680 33 1413.00000000 749.00000000
1692 33 1413.00000000 749.00000000
1704 33 1413.00000000 749.00000000
1716 33 1413.00000000 749.00000000
1728 33 1413.00000000 749.00000000
1500 35 1386.00000000 722.00000000
1512 35 1386.00000000 722.00000000
1524 35 1386.00000000 722.00000000
1536 35 1386.00000000 722.00000000
1548 35 1386.00000000 722.00000000
1560 35 1386.00000000 722.00000000
1572 35 1386.00000000 722.00000000
1584 35 1386.00000000 722.00000000
1596 35 1386.00000000 722.00000000
1608 35 1386.00000000 722.00000000
1620 35 1386.00000000 722.00000000
1632 35 1386.00000000 722.00000000
1644 35 1386.00000000 722.00000000
1656 35 1386.00000000 722.00000000
1668 35 1386.00000000 722.00000000
1680 35 1386.00000000 722.00000000
1692 35 1386.00000000 722.00000000
1704 35 1386.00000000 722.00000000
1716 35 1386.00000000 722.00000000
1728 35 1386.00000000 722.00000000
1500 77 1275.00000000 1059.00000000
1512 77 1275.00000000 1059.00000000
1524 77 1275.00000000 1059.00000000
1536 77 1275.00000000 1059.00000000
1548 77 1275.00000000 1059.00000000
1560 77 1275.00000000 1059.00000000
1572 77 1275.00000000 1059.00000000
1584 77 1275.00000000 1059.00000000
1596 77 1275.00000000 1059.00000000
1608 77 1275.00000000 1059.00000000
1620 77 1275.00000000 1059.00000000
1632 77 1275.00000000 1059.00000000
1644 77 1275.00000000 1059.00000000
1656 77 1275.00000000 1059.00000000
1668 77 1275.00000000 1059.00000000
1680 77 1275.00000000 1059.00000000
1692 77 1275.00000000 1059.00000000
1704 77 1275.00000000 1059.00000000
1716 77 1275.00000000 1059.00000000
1728 77 1275.00000000 1059.00000000
1560 69 1058.00000000 84.00000000
1572 69 1058.00000000 92.50000000
1584 69 1058.00000000 101.00000000
1596 69 1058.00000000 109.00000000
1608 69 1058.00000000 117.00000000
1620 69 1058.00000000 129.50000000
1632 69 1058.00000000 138.00000000
1644 69 1056.00000000 146.00000000
1656 69 1052.00000000 158.50000000
1668 69 1049.00000000 171.00000000
1680 69 1046.00000000 179.00000000
1692 69 1043.00000000 191.50000000
1704 69 1039.00000000 200.00000000
1716 69 1035.00000000 212.00000000
1728 69 1027.00000000 220.50000000
1740 69 1019.00000000 229.00000000
1752 69 1011.00000000 237.00000000
1764 69 1007.00000000 249.00000000
1776 69 1003.00000000 262.00000000
1788 69 999.00000000 274.00000000
1572 24 677.00000000 730.50000000
1584 24 661.00000000 734.50000000
1596 24 647.00000000 742.50000000
1608 24 635.00000000 751.00000000
1620 24 625.00000000 759.50000000
1632 24 613.00000000 763.50000000
1644 24 601.00000000 771.50000000
1656 24 589.00000000 779.50000000
1668 24 575.00000000 792.50000000
1680 24 561.00000000 804.50000000
1692 24 545.00000000 817.00000000
1704 24 531.00000000 829.50000000
1716 24 519.00000000 841.50000000
1728 24 505.00000000 854.50000000
1740 24 493.50000000 862.50000000
1752 24 481.50000000 870.50000000
1764 24 469.50000000 879.00000000
1776 24 458.00000000 879.00000000
1788 24 442.00000000 883.50000000
1800 24 426.00000000 887.50000000
1584 32 933.00000000 30.50000000
1596 32 933.00000000 43.00000000
1608 32 931.00000000 55.00000000
1620 32 930.00000000 66.00000000
1632 32 930.00000000 74.00000000
1644 32 933.00000000 74.00000000
1656 32 936.00000000 82.00000000
1668 32 939.50000000 99.00000000
1680 32 943.50000000 115.00000000
1692 32 949.50000000 136.00000000
1704 32 959.50000000 152.00000000
1716 32 975.00000000 156.00000000
1728 32 987.00000000 161.00000000
1740 32 995.00000000 161.00000000
1752 32 1001.00000000 177.00000000
1764 32 1009.00000000 194.00000000
1776 32 1025.00000000 194.00000000
1788 32 1037.00000000 202.00000000
1800 32 1047.00000000 210.00000000
1812 32 1061.00000000 214.00000000
1656 46 688.00000000 408.50000000
1668 46 682.00000000 396.00000000
1680 46 676.00000000 383.50000000
1692 46 670.00000000 367.00000000
1704 46 664.00000000 354.50000000
1716 46 664.00000000 342.00000000
1728 46 662.00000000 334.00000000
1740 46 661.00000000 325.50000000
1752 46 659.00000000 313.50000000
1764 46 657.00000000 301.00000000
1776 46 655.00000000 288.50000000
1788 46 653.00000000 276.00000000
1800 46 651.00000000 268.00000000
1812 46 651.00000000 251.50000000
1824 46 653.00000000 235.00000000
1836 46 655.00000000 222.50000000
1848 46 655.00000000 214.00000000
1860 46 653.00000000 206.00000000
1872 46 651.00000000 202.00000000
1884 46 649.00000000 193.50000000
1656 72 941.00000000 1938.00000000
1668 72 943.00000000 1938.00000000
1680 72 943.00000000 1924.00000000
1692 72 943.00000000 1907.00000000
1704 72 944.50000000 1903.00000000
1716 72 945.50000000 1882.50000000
1728 72 944.50000000 1868.00000000
1740 72 944.50000000 1843.00000000
1752 72 943.50000000 1820.50000000
1764 72 943.50000000 1800.00000000
1776 72 948.50000000 1789.50000000
1788 72 950.50000000 1785.00000000
1800 72 949.50000000 1775.00000000
1812 72 947.50000000 1758.50000000
1824 72 947.50000000 1744.00000000
1836 72 946.50000000 1727.50000000
1848 72 946.50000000 1711.00000000
1860 72 944.50000000 1705.00000000
1872 72 942.00000000 1699.00000000
1884 72 940.00000000 1692.50000000
1704 42 1404.00000000 722.00000000
1716 42 1404.00000000 720.00000000
1728 42 1404.00000000 720.00000000
1740 42 1404.00000000 720.00000000
1752 42 1404.00000000 720.00000000
1764 42 1404.00000000 720.00000000
1776 42 1406.00000000 720.00000000
1788 42 1406.00000000 720.00000000
1800 42 1406.00000000 720.00000000
1812 42 1406.00000000 720.00000000
1824 42 1406.00000000 718.00000000
1836 42 1406.00000000 718.00000000
1848 42 1406.00000000 718.00000000
1860 42 1407.00000000 716.00000000
1872 42 1407.00000000 716.00000000
1884 42 1407.00000000 716.00000000
1896 42 1407.00000000 716.00000000
1908 42 1407.00000000 716.00000000
1920 42 1407.00000000 716.00000000
1932 42 1407.00000000 714.00000000
1740 26 687.00000000 315.50000000
1752 26 683.00000000 303.00000000
1764 26 681.00000000 286.50000000
1776 26 681.00000000 274.00000000
1788 26 681.00000000 261.50000000
1800 26 681.00000000 247.50000000
1812 26 681.00000000 235.00000000
1824 26 681.00000000 226.50000000
1836 26 681.00000000 214.50000000
1848 26 679.00000000 201.50000000
1860 26 679.00000000 193.50000000
1872 26 675.00000000 181.50000000
1884 26 673.00000000 168.50000000
1896 26 671.00000000 156.50000000
1908 26 661.00000000 148.50000000
1920 26 651.00000000 140.00000000
1932 26 641.00000000 131.50000000
1944 26 631.00000000 131.50000000
1956 26 619.00000000 131.50000000
1968 26 605.00000000 131.50000000
1740 34 1413.00000000 749.00000000
1752 34 1413.00000000 749.00000000
1764 34 1413.00000000 749.00000000
1776 34 1413.00000000 749.00000000
1788 34 1413.00000000 749.00000000
1800 34 1413.00000000 749.00000000
1812 34 1413.00000000 749.00000000
1824 34 1413.00000000 749.00000000
1836 34 1413.00000000 749.00000000
1848 34 1413.00000000 749.00000000
1860 34 1413.00000000 749.00000000
1872 34 1413.00000000 749.00000000
1884 34 1413.00000000 749.00000000
1896 34 1413.00000000 749.00000000
1908 34 1413.00000000 749.00000000
1920 34 1413.00000000 749.00000000
1932 34 1413.00000000 749.00000000
1944 34 1413.00000000 749.00000000
1956 34 1413.00000000 749.00000000
1968 34 1413.00000000 749.00000000
1740 36 1386.00000000 722.00000000
1752 36 1386.00000000 722.00000000
1764 36 1386.00000000 722.00000000
1776 36 1386.00000000 722.00000000
1788 36 1386.00000000 722.00000000
1800 36 1386.00000000 722.00000000
1812 36 1386.00000000 722.00000000
1824 36 1386.00000000 722.00000000
1836 36 1386.00000000 722.00000000
1848 36 1386.00000000 722.00000000
1860 36 1386.00000000 722.00000000
1872 36 1386.00000000 722.00000000
1884 36 1386.00000000 722.00000000
1896 36 1386.00000000 722.00000000
1908 36 1386.00000000 722.00000000
1920 36 1386.00000000 722.00000000
1932 36 1386.00000000 722.00000000
1944 36 1386.00000000 722.00000000
1956 36 1386.00000000 722.00000000
1968 36 1386.00000000 722.00000000
1740 74 950.50000000 1942.00000000
1752 74 946.50000000 1922.00000000
1764 74 946.50000000 1909.00000000
1776 74 946.50000000 1895.00000000
1788 74 946.50000000 1880.00000000
1800 74 946.50000000 1866.00000000
1812 74 946.50000000 1851.00000000
1824 74 946.50000000 1837.00000000
1836 74 946.50000000 1822.50000000
1848 74 944.50000000 1808.00000000
1860 74 944.50000000 1796.00000000
1872 74 944.50000000 1781.00000000
1884 74 944.50000000 1767.00000000
1896 74 944.50000000 1752.00000000
1908 74 944.50000000 1738.00000000
1920 74 944.50000000 1723.00000000
1932 74 944.50000000 1709.00000000
1944 74 944.50000000 1697.00000000
1956 74 944.50000000 1682.00000000
1968 74 944.50000000 1670.00000000
1740 78 1275.00000000 1059.00000000
1752 78 1275.00000000 1059.00000000
1764 78 1275.00000000 1059.00000000
1776 78 1275.00000000 1059.00000000
1788 78 1275.00000000 1059.00000000
1800 78 1275.00000000 1059.00000000
1812 78 1275.00000000 1059.00000000
1824 78 1275.00000000 1059.00000000
1836 78 1275.00000000 1059.00000000
1848 78 1275.00000000 1059.00000000
1860 78 1275.00000000 1059.00000000
1872 78 1275.00000000 1059.00000000
1884 78 1275.00000000 1059.00000000
1896 78 1275.00000000 1059.00000000
1908 78 1275.00000000 1059.00000000
1920 78 1275.00000000 1059.00000000
1932 78 1275.00000000 1059.00000000
1944 78 1275.00000000 1059.00000000
1956 78 1275.00000000 1059.00000000
1968 78 1275.00000000 1059.00000000
1788 75 980.00000000 1783.50000000
1800 75 978.00000000 1770.50000000
1812 75 975.00000000 1758.50000000
1824 75 973.00000000 1746.50000000
1836 75 970.50000000 1729.50000000
1848 75 968.50000000 1717.50000000
1860 75 966.50000000 1704.50000000
1872 75 968.50000000 1688.50000000
1884 75 970.50000000 1674.00000000
1896 75 971.00000000 1657.50000000
1908 75 970.50000000 1647.00000000
1920 75 968.50000000 1632.50000000
1932 75 961.50000000 1622.50000000
1944 75 964.50000000 1618.50000000
1956 75 960.50000000 1605.50000000
1968 75 964.50000000 1572.50000000
1980 75 959.50000000 1568.50000000
1992 75 959.50000000 1552.00000000
2004 75 959.50000000 1535.50000000
2016 75 960.50000000 1519.00000000
1800 70 993.00000000 284.50000000
1812 70 985.00000000 293.00000000
1824 70 977.00000000 301.00000000
1836 70 971.00000000 309.00000000
1848 70 965.50000000 313.00000000
1860 70 959.50000000 321.50000000
1872 70 953.50000000 330.00000000
1884 70 949.50000000 340.00000000
1896 70 946.50000000 352.50000000
1908 70 943.00000000 363.00000000
1920 70 943.00000000 367.00000000
1932 70 943.00000000 367.00000000
1944 70 943.00000000 367.00000000
1956 70 943.00000000 367.00000000
1968 70 943.00000000 392.00000000
1980 70 943.00000000 437.00000000
1992 70 939.00000000 450.00000000
2004 70 939.00000000 462.00000000
2016 70 940.00000000 468.00000000
2028 70 942.00000000 472.00000000
1896 73 941.00000000 1668.00000000
1908 73 941.00000000 1643.00000000
1920 73 940.00000000 1647.00000000
1932 73 940.00000000 1647.00000000
1944 73 940.00000000 1614.00000000
1956 73 936.00000000 1614.00000000
1968 73 936.00000000 1589.00000000
1980 73 938.00000000 1568.50000000
1992 73 938.00000000 1556.00000000
2004 73 938.00000000 1542.00000000
2016 73 938.00000000 1529.00000000
2028 73 938.00000000 1517.00000000
2040 73 938.00000000 1504.50000000
2052 73 938.00000000 1492.00000000
2064 73 938.00000000 1480.00000000
2076 73 938.00000000 1467.50000000
2088 73 938.00000000 1455.00000000
2100 73 938.00000000 1443.00000000
2112 73 938.00000000 1430.00000000
2124 73 942.00000000 1414.00000000
