0 0 696.00000000 535.00000000
12 0 700.00000000 518.50000000
24 0 706.50000000 502.50000000
36 0 712.50000000 486.50000000
48 0 718.50000000 470.50000000
60 0 724.50000000 454.50000000
72 0 736.50000000 442.50000000
84 0 749.00000000 434.00000000
96 0 761.00000000 430.00000000
108 0 773.00000000 425.50000000
120 0 785.00000000 417.50000000
132 0 799.00000000 413.50000000
144 0 813.00000000 409.50000000
156 0 827.00000000 407.50000000
168 0 841.00000000 403.50000000
180 0 855.50000000 401.50000000
192 0 869.50000000 399.50000000
204 0 881.50000000 395.50000000
216 0 894.00000000 395.50000000
228 0 908.00000000 395.50000000
0 8 615.00000000 925.00000000
12 8 615.00000000 925.00000000
24 8 615.00000000 925.00000000
36 8 615.00000000 925.00000000
48 8 615.00000000 925.00000000
60 8 615.00000000 925.00000000
72 8 615.00000000 925.00000000
84 8 615.00000000 925.00000000
96 8 615.00000000 925.00000000
108 8 615.00000000 925.00000000
120 8 615.00000000 925.00000000
132 8 615.00000000 925.00000000
144 8 615.00000000 925.00000000
156 8 615.00000000 925.00000000
168 8 615.00000000 925.00000000
180 8 615.00000000 925.00000000
192 8 615.00000000 925.00000000
204 8 615.00000000 925.00000000
216 8 615.00000000 925.00000000
228 8 615.00000000 925.00000000
0 10 639.00000000 925.00000000
12 10 639.00000000 925.00000000
24 10 639.00000000 925.00000000
36 10 639.00000000 925.00000000
48 10 639.00000000 925.00000000
60 10 639.00000000 925.00000000
72 10 639.00000000 925.00000000
84 10 639.00000000 925.00000000
96 10 639.00000000 925.00000000
108 10 639.00000000 925.00000000
120 10 639.00000000 925.00000000
132 10 639.00000000 925.00000000
144 10 639.00000000 925.00000000
156 10 639.00000000 925.00000000
168 10 639.00000000 925.00000000
180 10 639.00000000 925.00000000
192 10 639.00000000 925.00000000
204 10 639.00000000 925.00000000
216 10 639.00000000 925.00000000
228 10 639.00000000 925.00000000
0 12 666.00000000 933.00000000
12 12 666.00000000 933.00000000
24 12 666.00000000 933.00000000
36 12 666.00000000 933.00000000
48 12 666.00000000 933.00000000
60 12 666.00000000 933.00000000
72 12 666.00000000 933.00000000
84 12 666.00000000 933.00000000
96 12 666.00000000 933.00000000
108 12 666.00000000 933.00000000
120 12 666.00000000 933.00000000
132 12 666.00000000 933.00000000
144 12 666.00000000 933.00000000
156 12 666.00000000 933.00000000
168 12 666.00000000 933.00000000
180 12 666.00000000 933.00000000
192 12 666.00000000 933.00000000
204 12 666.00000000 933.00000000
216 12 666.00000000 933.00000000
228 12 666.00000000 933.00000000
0 14 663.00000000 959.50000000
12 14 663.00000000 959.50000000
24 14 663.00000000 959.50000000
36 14 663.00000000 959.50000000
48 14 663.00000000 959.50000000
60 14 663.00000000 959.50000000
72 14 663.00000000 959.50000000
84 14 663.00000000 959.50000000
96 14 663.00000000 959.50000000
108 14 663.00000000 959.50000000
120 14 663.00000000 959.50000000
132 14 663.00000000 959.50000000
144 14 663.00000000 959.50000000
156 14 663.00000000 959.50000000
168 14 663.00000000 959.50000000
180 14 663.00000000 959.50000000
192 14 663.00000000 959.50000000
204 14 663.00000000 959.50000000
216 14 663.00000000 959.50000000
228 14 663.00000000 959.50000000
0 16 1381.00000000 391.50000000
12 16 1385.00000000 383.50000000
24 16 1390.00000000 379.50000000
36 16 1395.00000000 375.50000000
48 16 1400.00000000 367.50000000
60 16 1405.00000000 363.50000000
72 16 1410.00000000 359.50000000
84 16 1414.00000000 355.50000000
96 16 1420.00000000 347.50000000
108 16 1425.00000000 343.50000000
120 16 1427.00000000 343.50000000
132 16 1427.00000000 343.50000000
144 16 1427.00000000 343.50000000
156 16 1427.00000000 347.50000000
168 16 1427.00000000 347.50000000
180 16 1427.00000000 351.50000000
192 16 1427.00000000 351.50000000
204 16 1427.00000000 351.50000000
216 16 1427.00000000 355.50000000
228 16 1427.00000000 355.50000000
0 17 721.50000000 692.50000000
12 17 717.50000000 668.50000000
24 17 715.50000000 648.50000000
36 17 711.50000000 626.00000000
48 17 709.50000000 603.50000000
60 17 707.50000000 581.50000000
72 17 705.50000000 561.50000000
84 17 705.50000000 537.50000000
96 17 707.50000000 512.50000000
108 17 709.50000000 492.50000000
120 17 709.50000000 468.50000000
132 17 711.50000000 444.50000000
144 17 713.50000000 423.50000000
156 17 717.50000000 403.50000000
168 17 721.50000000 383.50000000
180 17 725.50000000 367.50000000
192 17 729.50000000 347.50000000
204 17 729.50000000 326.50000000
216 17 729.50000000 302.50000000
228 17 729.50000000 282.50000000
0 19 946.00000000 868.50000000
12 19 946.00000000 868.50000000
24 19 946.00000000 868.50000000
36 19 946.00000000 868.50000000
48 19 946.00000000 868.50000000
60 19 946.00000000 868.50000000
72 19 946.00000000 868.50000000
84 19 946.00000000 868.50000000
96 19 946.00000000 868.50000000
108 19 946.00000000 868.50000000
120 19 946.00000000 868.50000000
132 19 946.00000000 868.50000000
144 19 946.00000000 868.50000000
156 19 946.00000000 868.50000000
168 19 946.00000000 868.50000000
180 19 946.00000000 868.50000000
192 19 946.00000000 868.50000000
204 19 946.00000000 868.50000000
216 19 946.00000000 868.50000000
228 19 946.00000000 868.50000000
0 21 671.00000000 805.50000000
12 21 669.00000000 818.00000000
24 21 667.00000000 830.50000000
36 21 665.00000000 844.50000000
48 21 665.00000000 858.50000000
60 21 663.00000000 872.50000000
72 21 663.00000000 884.50000000
84 21 669.00000000 888.50000000
96 21 677.00000000 896.50000000
108 21 683.00000000 904.50000000
120 21 685.00000000 921.00000000
132 21 689.00000000 937.50000000
144 21 689.00000000 953.50000000
156 21 687.00000000 961.50000000
168 21 681.00000000 977.50000000
180 21 675.00000000 989.50000000
192 21 671.00000000 1005.50000000
204 21 665.00000000 1022.50000000
216 21 659.00000000 1038.50000000
228 21 657.00000000 1050.50000000
0 24 1215.00000000 824.00000000
12 24 1201.00000000 820.00000000
24 24 1187.00000000 820.00000000
36 24 1174.50000000 820.00000000
48 24 1160.50000000 820.00000000
60 24 1146.50000000 820.00000000
72 24 1134.00000000 820.00000000
84 24 1120.00000000 820.00000000
96 24 1106.00000000 816.00000000
108 24 1094.00000000 816.00000000
120 24 1080.00000000 816.00000000
132 24 1066.00000000 816.00000000
144 24 1054.00000000 816.00000000
156 24 1040.00000000 816.00000000
168 24 1027.50000000 816.00000000
180 24 1013.50000000 816.00000000
192 24 999.50000000 812.00000000
204 24 987.00000000 812.00000000
216 24 973.00000000 812.00000000
228 24 959.00000000 812.00000000
0 26 1212.00000000 787.50000000
12 26 1198.00000000 787.50000000
24 26 1184.00000000 787.50000000
36 26 1169.50000000 787.50000000
48 26 1157.50000000 787.50000000
60 26 1143.50000000 787.50000000
72 26 1129.00000000 787.50000000
84 26 1117.00000000 787.50000000
96 26 1103.00000000 787.50000000
108 26 1089.00000000 787.50000000
120 26 1077.00000000 787.50000000
132 26 1063.00000000 787.50000000
144 26 1049.00000000 787.50000000
156 26 1037.00000000 787.50000000
168 26 1022.50000000 787.50000000
180 26 1008.50000000 787.50000000
192 26 996.50000000 787.50000000
204 26 982.00000000 787.50000000
216 26 968.00000000 787.50000000
228 26 956.00000000 787.50000000
0 28 137.50000000 834.00000000
12 28 151.50000000 834.00000000
24 28 168.00000000 834.00000000
36 28 184.00000000 836.50000000
48 28 200.00000000 838.50000000
60 28 216.00000000 840.50000000
72 28 232.00000000 840.50000000
84 28 248.00000000 840.50000000
96 28 264.00000000 844.50000000
108 28 280.50000000 844.50000000
120 28 296.50000000 844.50000000
132 28 313.00000000 844.50000000
144 28 329.00000000 844.50000000
156 28 347.00000000 844.50000000
168 28 363.00000000 844.50000000
180 28 381.00000000 844.50000000
192 28 397.00000000 848.50000000
204 28 413.00000000 848.50000000
216 28 431.50000000 848.50000000
228 28 445.50000000 852.50000000
0 30 135.50000000 808.00000000
12 30 149.50000000 808.00000000
24 30 166.00000000 808.00000000
36 30 182.00000000 808.00000000
48 30 198.00000000 812.00000000
60 30 214.00000000 812.00000000
72 30 228.00000000 812.00000000
84 30 244.00000000 816.00000000
96 30 260.00000000 816.00000000
108 30 276.50000000 816.00000000
120 30 291.50000000 820.00000000
132 30 308.00000000 820.00000000
144 30 323.00000000 820.00000000
156 30 339.00000000 824.00000000
168 30 354.00000000 824.00000000
180 30 370.00000000 824.00000000
192 30 386.00000000 828.00000000
204 30 400.00000000 828.00000000
216 30 412.00000000 828.00000000
228 30 426.50000000 828.00000000
0 32 984.00000000 852.50000000
12 32 984.00000000 852.50000000
24 32 984.00000000 852.50000000
36 32 984.00000000 852.50000000
48 32 984.00000000 852.50000000
60 32 984.00000000 852.50000000
72 32 984.00000000 852.50000000
84 32 984.00000000 852.50000000
96 32 984.00000000 852.50000000
108 32 984.00000000 852.50000000
120 32 984.00000000 852.50000000
132 32 984.00000000 852.50000000
144 32 984.00000000 852.50000000
156 32 984.00000000 852.50000000
168 32 984.00000000 852.50000000
180 32 984.00000000 852.50000000
192 32 984.00000000 852.50000000
204 32 984.00000000 852.50000000
216 32 984.00000000 852.50000000
228 32 984.00000000 852.50000000
0 34 1202.00000000 452.50000000
12 34 1192.00000000 448.50000000
24 34 1184.00000000 448.50000000
36 34 1175.50000000 444.50000000
48 34 1165.50000000 444.50000000
60 34 1157.50000000 444.50000000
72 34 1149.50000000 440.00000000
84 34 1141.50000000 440.00000000
96 34 1131.00000000 440.00000000
108 34 1123.00000000 436.00000000
120 34 1115.00000000 436.00000000
132 34 1107.00000000 436.00000000
144 34 1097.00000000 432.00000000
156 34 1089.00000000 432.00000000
168 34 1081.00000000 432.00000000
180 34 1073.00000000 428.00000000
192 34 1063.00000000 428.00000000
204 34 1053.00000000 428.00000000
216 34 1043.00000000 428.00000000
228 34 1035.00000000 425.50000000
0 36 761.00000000 510.50000000
12 36 761.00000000 510.50000000
24 36 761.00000000 510.50000000
36 36 761.00000000 510.50000000
48 36 761.00000000 510.50000000
60 36 761.00000000 510.50000000
72 36 761.00000000 510.50000000
84 36 761.00000000 510.50000000
96 36 763.00000000 510.50000000
108 36 763.00000000 510.50000000
120 36 763.00000000 510.50000000
132 36 763.00000000 510.50000000
144 36 763.00000000 510.50000000
156 36 763.00000000 510.50000000
168 36 763.00000000 510.50000000
180 36 763.00000000 510.50000000
192 36 765.00000000 510.50000000
204 36 765.00000000 510.50000000
216 36 765.00000000 510.50000000
228 36 765.00000000 510.50000000
0 38 746.00000000 896.50000000
12 38 744.00000000 880.50000000
24 38 744.00000000 864.50000000
36 38 742.00000000 848.50000000
48 38 742.00000000 832.00000000
60 38 740.50000000 816.00000000
72 38 739.50000000 799.50000000
84 38 738.50000000 783.50000000
96 38 738.50000000 767.50000000
108 38 737.50000000 755.50000000
120 38 736.50000000 739.00000000
132 38 736.50000000 723.00000000
144 38 732.50000000 707.00000000
156 38 727.50000000 686.50000000
168 38 722.50000000 670.50000000
180 38 717.50000000 654.50000000
192 38 715.50000000 638.00000000
204 38 714.50000000 618.00000000
216 38 714.50000000 601.50000000
228 38 712.50000000 585.50000000
0 40 727.50000000 901.00000000
12 40 725.50000000 884.50000000
24 40 723.50000000 868.50000000
36 40 721.50000000 852.50000000
48 40 719.50000000 836.00000000
60 40 717.50000000 820.00000000
72 40 715.50000000 804.00000000
84 40 713.50000000 787.50000000
96 40 711.50000000 771.50000000
108 40 709.50000000 755.50000000
120 40 707.00000000 739.00000000
132 40 703.00000000 723.00000000
144 40 701.00000000 707.00000000
156 40 699.00000000 690.50000000
168 40 695.00000000 674.50000000
180 40 693.00000000 658.50000000
192 40 691.00000000 642.00000000
204 40 687.00000000 626.00000000
216 40 685.00000000 610.00000000
228 40 683.00000000 593.50000000
0 42 742.50000000 1292.50000000
12 42 741.50000000 1276.50000000
24 42 741.50000000 1260.50000000
36 42 741.50000000 1248.50000000
48 42 741.50000000 1232.50000000
60 42 741.50000000 1220.50000000
72 42 741.50000000 1203.50000000
84 42 741.50000000 1191.50000000
96 42 741.50000000 1175.50000000
108 42 741.50000000 1163.50000000
120 42 741.50000000 1147.50000000
132 42 741.50000000 1135.50000000
144 42 741.50000000 1119.50000000
156 42 741.50000000 1106.50000000
168 42 741.50000000 1090.50000000
180 42 741.50000000 1078.50000000
192 42 741.50000000 1062.50000000
204 42 741.50000000 1050.50000000
216 42 741.50000000 1034.50000000
228 42 740.50000000 1022.50000000
0 44 80.00000000 698.50000000
12 44 96.00000000 698.50000000
24 44 112.00000000 698.50000000
36 44 128.50000000 698.50000000
48 44 146.50000000 698.50000000
60 44 162.50000000 698.50000000
72 44 179.00000000 698.50000000
84 44 197.00000000 698.50000000
96 44 213.00000000 698.50000000
108 44 229.00000000 698.50000000
120 44 245.00000000 698.50000000
132 44 263.00000000 698.50000000
144 44 279.50000000 698.50000000
156 44 295.50000000 698.50000000
168 44 314.00000000 698.50000000
180 44 330.00000000 698.50000000
192 44 346.00000000 698.50000000
204 44 364.00000000 698.50000000
216 44 380.00000000 698.50000000
228 44 396.00000000 698.50000000
0 46 822.00000000 444.50000000
12 46 822.00000000 444.50000000
24 46 822.00000000 444.50000000
36 46 822.00000000 444.50000000
48 46 822.00000000 444.50000000
60 46 822.00000000 444.50000000
72 46 822.00000000 444.50000000
84 46 822.00000000 444.50000000
96 46 822.00000000 444.50000000
108 46 822.00000000 444.50000000
120 46 822.00000000 444.50000000
132 46 822.00000000 444.50000000
144 46 822.00000000 444.50000000
156 46 822.00000000 444.50000000
168 46 822.00000000 444.50000000
180 46 822.00000000 444.50000000
192 46 822.00000000 444.50000000
204 46 822.00000000 444.50000000
216 46 822.00000000 444.50000000
228 46 822.00000000 444.50000000
12 6 1264.00000000 1870.50000000
24 6 1272.00000000 1866.50000000
36 6 1278.50000000 1862.50000000
48 6 1286.50000000 1858.50000000
60 6 1294.50000000 1850.50000000
72 6 1302.50000000 1838.50000000
84 6 1312.50000000 1826.50000000
96 6 1320.50000000 1814.50000000
108 6 1330.50000000 1806.50000000
120 6 1343.00000000 1802.50000000
132 6 1355.00000000 1798.50000000
144 6 1367.00000000 1794.00000000
156 6 1377.00000000 1790.00000000
168 6 1389.00000000 1785.50000000
180 6 1401.00000000 1781.50000000
192 6 1411.00000000 1781.50000000
204 6 1417.00000000 1781.50000000
216 6 1423.00000000 1781.50000000
228 6 1434.00000000 1781.50000000
240 6 1430.17000000 1783.72000000
180 5 453.50000000 1935.00000000
192 5 458.00000000 1909.00000000
204 5 466.00000000 1905.00000000
216 5 474.00000000 1903.00000000
228 5 480.00000000 1897.00000000
240 5 488.00000000 1893.00000000
252 5 498.00000000 1887.00000000
264 5 506.00000000 1879.00000000
276 5 516.00000000 1874.50000000
288 5 526.00000000 1866.50000000
300 5 531.00000000 1862.50000000
312 5 533.00000000 1858.50000000
324 5 538.00000000 1850.50000000
336 5 542.00000000 1842.50000000
348 5 546.00000000 1834.50000000
360 5 548.00000000 1826.50000000
372 5 548.00000000 1826.50000000
384 5 548.00000000 1826.50000000
396 5 548.00000000 1826.50000000
408 5 548.00000000 1826.50000000
204 23 791.00000000 1915.00000000
216 23 789.00000000 1905.00000000
228 23 788.00000000 1897.00000000
240 23 787.00000000 1889.00000000
252 23 787.00000000 1881.00000000
264 23 787.00000000 1868.50000000
276 23 787.00000000 1856.50000000
288 23 787.00000000 1844.50000000
300 23 787.00000000 1832.50000000
312 23 787.00000000 1820.50000000
324 23 787.00000000 1804.50000000
336 23 787.00000000 1792.00000000
348 23 787.00000000 1779.50000000
360 23 787.00000000 1767.50000000
372 23 787.00000000 1755.50000000
384 23 787.00000000 1743.50000000
396 23 787.00000000 1731.50000000
408 23 787.00000000 1719.50000000
420 23 787.00000000 1703.00000000
432 23 787.00000000 1691.00000000
240 1 920.00000000 391.50000000
252 1 932.00000000 391.50000000
264 1 946.00000000 387.50000000
276 1 958.00000000 387.50000000
288 1 970.00000000 387.50000000
300 1 982.00000000 383.50000000
312 1 996.50000000 383.50000000
324 1 1008.50000000 383.50000000
336 1 1020.50000000 379.50000000
348 1 1034.50000000 379.50000000
360 1 1047.00000000 379.50000000
372 1 1059.00000000 379.50000000
384 1 1069.00000000 379.50000000
396 1 1079.00000000 379.50000000
408 1 1091.00000000 379.50000000
420 1 1101.00000000 379.50000000
432 1 1111.00000000 379.50000000
444 1 1123.00000000 379.50000000
456 1 1133.00000000 379.50000000
468 1 1143.50000000 379.50000000
240 9 615.00000000 925.00000000
252 9 615.00000000 925.00000000
264 9 615.00000000 925.00000000
276 9 615.00000000 925.00000000
288 9 615.00000000 925.00000000
300 9 615.00000000 925.00000000
312 9 615.00000000 925.00000000
324 9 615.00000000 925.00000000
336 9 615.00000000 925.00000000
348 9 615.00000000 925.00000000
360 9 615.00000000 925.00000000
372 9 615.00000000 925.00000000
384 9 615.00000000 925.00000000
396 9 615.00000000 925.00000000
408 9 615.00000000 925.00000000
420 9 615.00000000 925.00000000
432 9 615.00000000 925.00000000
444 9 615.00000000 925.00000000
456 9 615.00000000 925.00000000
468 9 615.00000000 925.00000000
240 11 639.00000000 925.00000000
252 11 639.00000000 925.00000000
264 11 639.00000000 925.00000000
276 11 639.00000000 925.00000000
288 11 639.00000000 925.00000000
300 11 639.00000000 925.00000000
312 11 639.00000000 925.00000000
324 11 639.00000000 925.00000000
336 11 639.00000000 925.00000000
348 11 639.00000000 925.00000000
360 11 639.00000000 925.00000000
372 11 639.00000000 925.00000000
384 11 639.00000000 925.00000000
396 11 639.00000000 925.00000000
408 11 639.00000000 925.00000000
420 11 639.00000000 925.00000000
432 11 639.00000000 925.00000000
444 11 639.00000000 925.00000000
456 11 639.00000000 925.00000000
468 11 639.00000000 925.00000000
240 13 666.00000000 933.00000000
252 13 666.00000000 933.00000000
264 13 666.00000000 933.00000000
276 13 666.00000000 933.00000000
288 13 666.00000000 933.00000000
300 13 666.00000000 933.00000000
312 13 666.00000000 933.00000000
324 13 666.00000000 933.00000000
336 13 666.00000000 933.00000000
348 13 666.00000000 933.00000000
360 13 666.00000000 933.00000000
372 13 666.00000000 933.00000000
384 13 666.00000000 933.00000000
396 13 666.00000000 933.00000000
408 13 666.00000000 933.00000000
420 13 666.00000000 933.00000000
432 13 666.00000000 933.00000000
444 13 666.00000000 933.00000000
456 13 666.00000000 933.00000000
468 13 666.00000000 933.00000000
240 15 663.00000000 959.50000000
252 15 663.00000000 959.50000000
264 15 663.00000000 959.50000000
276 15 663.00000000 959.50000000
288 15 663.00000000 959.50000000
300 15 663.00000000 959.50000000
312 15 663.00000000 959.50000000
324 15 663.00000000 959.50000000
336 15 663.00000000 959.50000000
348 15 663.00000000 959.50000000
360 15 663.00000000 959.50000000
372 15 663.00000000 959.50000000
384 15 663.00000000 959.50000000
396 15 663.00000000 959.50000000
408 15 663.00000000 959.50000000
420 15 663.00000000 959.50000000
432 15 663.00000000 959.50000000
444 15 663.00000000 959.50000000
456 15 663.00000000 959.50000000
468 15 663.00000000 959.50000000
240 18 731.50000000 262.50000000
252 18 733.50000000 242.00000000
264 18 735.50000000 217.50000000
276 18 737.50000000 197.50000000
288 18 739.50000000 177.50000000
300 18 743.50000000 157.50000000
312 18 743.50000000 132.50000000
324 18 746.00000000 108.50000000
336 18 748.00000000 84.50000000
348 18 750.00000000 60.50000000
360 18 752.00000000 46.00000000
372 18 752.00000000 28.00000000
384 18 750.47000000 36.01000000
396 18 746.80000000 79.23000000
408 18 743.13000000 122.46000000
420 18 739.46000000 165.68000000
432 18 735.79000000 208.90000000
444 18 732.12000000 252.13000000
456 18 728.44000000 295.35000000
468 18 724.77000000 338.58000000
240 20 946.00000000 868.50000000
252 20 946.00000000 868.50000000
264 20 946.00000000 868.50000000
276 20 946.00000000 868.50000000
288 20 946.00000000 868.50000000
300 20 946.00000000 868.50000000
312 20 946.00000000 868.50000000
324 20 946.00000000 868.50000000
336 20 946.00000000 868.50000000
348 20 946.00000000 868.50000000
360 20 946.00000000 868.50000000
372 20 946.00000000 868.50000000
384 20 946.00000000 868.50000000
396 20 946.00000000 868.50000000
408 20 946.00000000 868.50000000
420 20 946.00000000 868.50000000
432 20 946.00000000 868.50000000
444 20 946.00000000 868.50000000
456 20 946.00000000 868.50000000
468 20 946.00000000 868.50000000
240 22 657.00000000 1062.50000000
252 22 655.00000000 1074.50000000
264 22 655.00000000 1090.50000000
276 22 653.00000000 1102.50000000
288 22 653.00000000 1115.00000000
300 22 651.00000000 1127.50000000
312 22 651.00000000 1139.50000000
324 22 649.00000000 1155.50000000
336 22 647.00000000 1167.50000000
348 22 647.00000000 1179.50000000
360 22 647.00000000 1191.50000000
372 22 647.00000000 1208.00000000
384 22 647.00000000 1220.50000000
396 22 647.00000000 1236.50000000
408 22 647.00000000 1248.50000000
420 22 647.00000000 1264.50000000
432 22 649.00000000 1276.50000000
444 22 649.00000000 1288.50000000
456 22 649.00000000 1305.00000000
468 22 649.00000000 1317.50000000
240 25 947.00000000 812.00000000
252 25 933.00000000 812.00000000
264 25 919.00000000 812.00000000
276 25 907.00000000 812.00000000
288 25 895.00000000 812.00000000
300 25 884.50000000 816.00000000
312 25 872.50000000 820.00000000
324 25 862.50000000 824.00000000
336 25 852.50000000 828.00000000
348 25 840.00000000 832.00000000
360 25 830.00000000 836.50000000
372 25 820.00000000 840.50000000
384 25 808.00000000 844.50000000
396 25 800.00000000 852.50000000
408 25 792.00000000 864.50000000
420 25 786.00000000 880.50000000
432 25 778.00000000 892.50000000
444 25 776.00000000 904.50000000
456 25 774.00000000 913.00000000
468 25 772.00000000 925.00000000
240 27 942.00000000 787.50000000
252 27 928.00000000 787.50000000
264 27 916.00000000 787.50000000
276 27 902.00000000 787.50000000
288 27 888.00000000 787.50000000
300 27 873.50000000 791.50000000
312 27 859.50000000 795.50000000
324 27 843.00000000 799.50000000
336 27 829.00000000 803.50000000
348 27 817.00000000 812.00000000
360 27 809.00000000 820.00000000
372 27 801.00000000 832.00000000
384 27 793.00000000 840.50000000
396 27 785.00000000 852.50000000
408 27 775.00000000 860.50000000
420 27 767.00000000 872.50000000
432 27 759.00000000 880.50000000
444 27 751.00000000 892.50000000
456 27 749.00000000 905.00000000
468 27 747.00000000 917.00000000
240 29 458.00000000 852.50000000
252 29 472.00000000 856.50000000
264 29 484.00000000 856.50000000
276 29 496.00000000 856.50000000
288 29 506.00000000 860.50000000
300 29 512.00000000 860.50000000
312 29 518.00000000 864.50000000
324 29 525.00000000 864.50000000
336 29 533.00000000 868.50000000
348 29 543.00000000 868.50000000
360 29 555.00000000 868.50000000
372 29 565.50000000 868.50000000
384 29 575.50000000 868.50000000
396 29 585.50000000 872.50000000
408 29 595.50000000 876.50000000
420 29 606.00000000 884.50000000
432 29 614.00000000 888.50000000
444 29 624.00000000 892.50000000
456 29 634.00000000 896.50000000
468 29 638.00000000 900.50000000
240 31 440.50000000 832.00000000
252 31 455.00000000 832.00000000
264 31 469.00000000 832.00000000
276 31 481.00000000 836.00000000
288 31 489.00000000 836.00000000
300 31 499.00000000 840.00000000
312 31 507.00000000 844.50000000
324 31 517.00000000 844.50000000
336 31 525.00000000 848.50000000
348 31 535.00000000 848.50000000
360 31 543.00000000 852.50000000
372 31 551.00000000 856.50000000
384 31 563.50000000 856.50000000
396 31 573.50000000 856.50000000
408 31 585.50000000 856.50000000
420 31 595.50000000 860.50000000
432 31 606.00000000 864.50000000
444 31 616.00000000 868.50000000
456 31 626.00000000 872.50000000
468 31 632.00000000 872.50000000
240 33 984.00000000 852.50000000
252 33 984.00000000 852.50000000
264 33 984.00000000 852.50000000
276 33 984.00000000 852.50000000
288 33 984.00000000 852.50000000
300 33 984.00000000 852.50000000
312 33 984.00000000 852.50000000
324 33 984.00000000 852.50000000
336 33 984.00000000 852.50000000
348 33 984.00000000 852.50000000
360 33 984.00000000 852.50000000
372 33 984.00000000 852.50000000
384 33 984.00000000 852.50000000
396 33 984.00000000 852.50000000
408 33 984.00000000 852.50000000
420 33 984.00000000 852.50000000
432 33 984.00000000 852.50000000
444 33 984.00000000 852.50000000
456 33 984.00000000 852.50000000
468 33 984.00000000 852.50000000
240 35 1024.50000000 425.50000000
252 35 1014.50000000 425.50000000
264 35 1006.50000000 425.50000000
276 35 994.00000000 421.50000000
288 35 982.00000000 421.50000000
300 35 970.00000000 417.50000000
312 35 958.00000000 417.50000000
324 35 946.00000000 413.50000000
336 35 932.00000000 413.50000000
348 35 916.00000000 413.50000000
360 35 902.00000000 413.50000000
372 35 885.50000000 413.50000000
384 35 871.50000000 413.50000000
396 35 855.50000000 415.50000000
408 35 843.00000000 415.50000000
420 35 829.00000000 419.50000000
432 35 815.00000000 423.50000000
444 35 803.00000000 423.50000000
456 35 789.00000000 427.50000000
468 35 775.00000000 432.00000000
240 37 765.00000000 510.50000000
252 37 765.00000000 510.50000000
264 37 765.00000000 510.50000000
276 37 765.00000000 510.50000000
288 37 767.00000000 506.50000000
300 37 769.00000000 506.50000000
312 37 769.00000000 506.50000000
324 37 771.00000000 506.50000000
336 37 771.00000000 506.50000000
348 37 767.00000000 506.50000000
360 37 765.00000000 506.50000000
372 37 763.00000000 506.50000000
384 37 759.00000000 506.50000000
396 37 757.00000000 506.50000000
408 37 757.00000000 510.50000000
420 37 757.00000000 510.50000000
432 37 757.00000000 510.50000000
444 37 757.00000000 510.50000000
456 37 757.00000000 510.50000000
468 37 757.00000000 510.50000000
240 39 710.50000000 569.50000000
252 39 706.50000000 553.50000000
264 39 704.00000000 541.00000000
276 39 704.00000000 525.00000000
288 39 704.00000000 513.00000000
300 39 710.50000000 496.50000000
312 39 718.50000000 480.50000000
324 39 728.50000000 468.50000000
336 39 740.50000000 460.50000000
348 39 753.00000000 452.00000000
360 39 767.00000000 444.00000000
372 39 779.00000000 436.00000000
384 39 791.00000000 428.00000000
396 39 805.00000000 420.00000000
408 39 819.00000000 416.00000000
420 39 833.00000000 411.50000000
432 39 847.00000000 407.50000000
444 39 861.50000000 403.50000000
456 39 875.50000000 403.50000000
468 39 892.00000000 403.50000000
240 41 683.00000000 577.50000000
252 41 683.00000000 561.50000000
264 41 683.00000000 545.00000000
276 41 683.00000000 529.00000000
288 41 684.00000000 517.00000000
300 41 690.00000000 496.50000000
312 41 696.00000000 476.50000000
324 41 704.00000000 460.50000000
336 41 715.50000000 452.00000000
348 41 729.50000000 444.00000000
360 41 744.00000000 432.00000000
372 41 759.00000000 422.00000000
384 41 773.00000000 411.50000000
396 41 787.00000000 401.50000000
408 41 802.00000000 393.50000000
420 41 817.00000000 387.50000000
432 41 831.00000000 387.50000000
444 41 849.00000000 383.50000000
456 41 867.50000000 379.50000000
468 41 886.00000000 379.50000000
240 43 738.50000000 1005.50000000
252 43 736.50000000 993.50000000
264 43 734.50000000 977.50000000
276 43 732.50000000 965.50000000
288 43 730.50000000 949.50000000
300 43 728.50000000 937.50000000
312 43 726.50000000 921.00000000
324 43 726.50000000 904.50000000
336 43 724.50000000 892.50000000
348 43 722.50000000 876.50000000
360 43 720.50000000 864.50000000
372 43 718.50000000 848.50000000
384 43 716.50000000 836.50000000
396 43 714.50000000 824.00000000
408 43 712.50000000 807.50000000
420 43 710.50000000 795.50000000
432 43 708.50000000 779.50000000
444 43 706.50000000 767.50000000
456 43 704.50000000 751.50000000
468 43 702.50000000 739.50000000
240 45 412.50000000 698.50000000
252 45 430.50000000 698.50000000
264 45 446.50000000 698.50000000
276 45 463.00000000 698.50000000
288 45 481.00000000 698.50000000
300 45 497.00000000 698.50000000
312 45 513.00000000 698.50000000
324 45 531.00000000 698.50000000
336 45 547.00000000 702.50000000
348 45 565.50000000 702.50000000
360 45 581.50000000 702.50000000
372 45 599.50000000 706.50000000
384 45 618.00000000 706.50000000
396 45 636.00000000 706.50000000
408 45 652.00000000 710.50000000
420 45 670.00000000 710.50000000
432 45 688.00000000 710.50000000
444 45 706.50000000 714.50000000
456 45 722.50000000 714.50000000
468 45 740.50000000 719.00000000
240 47 822.00000000 444.50000000
252 47 822.00000000 444.50000000
264 47 822.00000000 444.50000000
276 47 822.00000000 444.50000000
288 47 822.00000000 444.50000000
300 47 822.00000000 444.50000000
312 47 822.00000000 444.50000000
324 47 822.00000000 444.50000000
336 47 822.00000000 444.50000000
348 47 822.00000000 444.50000000
360 47 822.00000000 444.50000000
372 47 822.00000000 444.50000000
384 47 822.00000000 444.50000000
396 47 822.00000000 444.50000000
408 47 822.00000000 444.50000000
420 47 822.00000000 444.50000000
432 47 822.00000000 444.50000000
444 47 822.00000000 444.50000000
456 47 822.00000000 444.50000000
468 47 822.00000000 444.50000000
252 7 1424.91000000 1786.15000000
264 7 1419.64000000 1788.57000000
276 7 1414.38000000 1790.99000000
288 7 1409.11000000 1793.42000000
300 7 1403.85000000 1795.84000000
312 7 1398.58000000 1798.26000000
324 7 1393.32000000 1800.69000000
336 7 1388.05000000 1803.11000000
348 7 1382.79000000 1805.54000000
360 7 1377.52000000 1807.96000000
372 7 1372.26000000 1810.38000000
384 7 1367.00000000 1812.81000000
396 7 1361.73000000 1815.23000000
408 7 1356.47000000 1817.66000000
420 7 1351.20000000 1820.08000000
432 7 1345.94000000 1822.50000000
444 7 1340.67000000 1824.93000000
456 7 1335.41000000 1827.35000000
468 7 1330.14000000 1829.77000000
480 7 1324.88000000 1832.20000000
