0 7 442.00000000 601.50000000
12 7 447.00000000 598.50000000
24 7 455.00000000 597.50000000
36 7 462.00000000 597.50000000
48 7 469.00000000 597.50000000
60 7 476.50000000 595.50000000
72 7 484.00000000 595.50000000
84 7 491.00000000 595.50000000
96 7 500.00000000 594.00000000
108 7 509.50000000 594.00000000
120 7 518.50000000 594.00000000
132 7 526.00000000 592.50000000
144 7 531.00000000 592.50000000
156 7 530.38000000 592.55000000
168 7 529.31000000 592.65000000
180 7 528.24000000 592.74000000
192 7 527.17000000 592.84000000
204 7 526.10000000 592.93000000
216 7 525.04000000 593.03000000
228 7 523.97000000 593.12000000
0 55 919.50000000 558.00000000
12 55 919.50000000 558.00000000
24 55 919.50000000 558.00000000
36 55 921.50000000 556.50000000
48 55 921.50000000 556.50000000
60 55 921.50000000 556.50000000
72 55 921.50000000 556.50000000
84 55 918.00000000 555.00000000
96 55 908.50000000 555.00000000
108 55 914.50000000 555.00000000
120 55 916.00000000 556.00000000
132 55 916.00000000 556.00000000
144 55 916.00000000 556.00000000
156 55 916.00000000 556.00000000
168 55 916.00000000 556.00000000
180 55 917.00000000 556.00000000
192 55 917.00000000 556.00000000
204 55 917.00000000 556.00000000
216 55 918.00000000 556.00000000
228 55 918.00000000 556.00000000
0 68 902.50000000 583.50000000
12 68 902.50000000 583.50000000
24 68 902.50000000 583.50000000
36 68 902.50000000 583.50000000
48 68 902.50000000 583.50000000
60 68 902.50000000 583.50000000
72 68 902.50000000 583.50000000
84 68 902.50000000 583.50000000
96 68 902.50000000 583.50000000
108 68 902.50000000 583.50000000
120 68 902.50000000 583.50000000
132 68 902.50000000 583.50000000
144 68 902.50000000 583.50000000
156 68 902.50000000 583.50000000
168 68 902.50000000 583.50000000
180 68 902.50000000 583.50000000
192 68 902.50000000 583.50000000
204 68 902.50000000 583.50000000
216 68 902.50000000 583.50000000
228 68 902.50000000 583.50000000
96 60 851.00000000 503.50000000
108 60 857.00000000 508.00000000
120 60 868.00000000 516.00000000
132 60 877.00000000 522.50000000
144 60 884.00000000 527.00000000
156 60 888.00000000 536.50000000
168 60 888.00000000 544.00000000
180 60 891.50000000 549.00000000
192 60 893.00000000 553.50000000
204 60 897.00000000 558.00000000
216 60 901.00000000 563.00000000
228 60 901.00000000 566.00000000
240 60 901.00000000 566.00000000
252 60 901.00000000 566.00000000
264 60 901.00000000 566.00000000
276 60 901.00000000 566.00000000
288 60 901.00000000 566.00000000
300 60 899.00000000 566.00000000
312 60 899.00000000 566.00000000
324 60 899.00000000 566.00000000
240 8 522.90000000 593.21000000
252 8 521.83000000 593.31000000
264 8 520.76000000 593.40000000
276 8 519.70000000 593.50000000
288 8 518.63000000 593.59000000
300 8 517.56000000 593.69000000
312 8 516.49000000 593.78000000
324 8 515.42000000 593.87000000
336 8 514.36000000 593.97000000
348 8 513.29000000 594.06000000
360 8 512.22000000 594.16000000
372 8 511.15000000 594.25000000
384 8 510.08000000 594.35000000
396 8 509.02000000 594.44000000
408 8 507.95000000 594.53000000
420 8 506.88000000 594.63000000
432 8 505.81000000 594.72000000
444 8 504.74000000 594.82000000
456 8 503.68000000 594.91000000
468 8 502.61000000 595.01000000
240 56 918.00000000 556.00000000
252 56 918.50000000 556.00000000
264 56 918.50000000 556.00000000
276 56 918.50000000 556.00000000
288 56 918.50000000 556.00000000
300 56 918.50000000 556.00000000
312 56 918.50000000 556.00000000
324 56 918.50000000 556.00000000
336 56 917.00000000 556.00000000
348 56 915.50000000 556.00000000
360 56 915.50000000 556.00000000
372 56 913.50000000 556.00000000
384 56 911.50000000 556.00000000
396 56 909.50000000 556.00000000
408 56 909.50000000 556.00000000
420 56 907.50000000 556.00000000
432 56 907.50000000 556.00000000
444 56 907.50000000 556.00000000
456 56 907.00000000 555.00000000
468 56 907.00000000 555.00000000
240 69 902.50000000 583.50000000
252 69 902.50000000 583.50000000
264 69 902.50000000 583.50000000
276 69 902.50000000 583.50000000
288 69 902.50000000 583.50000000
300 69 902.50000000 583.50000000
312 69 902.50000000 583.50000000
324 69 902.50000000 583.50000000
336 69 902.50000000 583.50000000
348 69 902.50000000 583.50000000
360 69 902.50000000 583.50000000
372 69 902.50000000 583.50000000
384 69 902.50000000 583.50000000
396 69 902.50000000 583.50000000
408 69 902.50000000 583.50000000
420 69 902.50000000 583.50000000
432 69 902.50000000 583.50000000
444 69 902.50000000 583.50000000
456 69 902.50000000 583.50000000
468 69 902.50000000 583.50000000
336 61 899.00000000 566.00000000
348 61 899.00000000 566.00000000
360 61 899.00000000 566.00000000
372 61 897.00000000 566.00000000
384 61 897.00000000 566.00000000
396 61 897.00000000 566.00000000
408 61 897.00000000 566.00000000
420 61 897.00000000 566.00000000
432 61 897.00000000 564.50000000
444 61 897.00000000 563.00000000
456 61 897.00000000 560.00000000
468 61 897.00000000 558.00000000
480 61 897.00000000 556.50000000
492 61 901.00000000 555.00000000
504 61 904.00000000 555.00000000
516 61 904.00000000 555.00000000
528 61 904.00000000 555.00000000
540 61 905.00000000 555.00000000
552 61 905.00000000 555.00000000
564 61 906.00000000 555.00000000
480 57 907.00000000 555.00000000
492 57 907.00000000 555.00000000
504 57 906.50000000 555.00000000
516 57 906.50000000 556.50000000
528 57 907.00000000 559.00000000
540 57 908.00000000 561.00000000
552 57 909.00000000 562.00000000
564 57 909.00000000 562.00000000
576 57 909.00000000 562.00000000
588 57 909.00000000 562.00000000
600 57 909.00000000 560.50000000
612 57 909.00000000 560.50000000
624 57 909.00000000 560.50000000
636 57 909.00000000 560.50000000
648 57 909.00000000 559.00000000
660 57 909.00000000 559.00000000
672 57 909.00000000 559.00000000
684 57 909.00000000 559.00000000
696 57 909.00000000 557.50000000
708 57 909.00000000 557.50000000
480 70 902.50000000 583.50000000
492 70 902.50000000 583.50000000
504 70 902.50000000 582.50000000
516 70 902.50000000 582.50000000
528 70 902.50000000 582.50000000
540 70 902.50000000 582.50000000
552 70 902.50000000 582.50000000
564 70 902.50000000 582.50000000
576 70 902.50000000 582.50000000
588 70 902.50000000 582.50000000
600 70 902.50000000 582.50000000
612 70 902.50000000 582.50000000
624 70 902.50000000 582.50000000
636 70 902.50000000 582.50000000
648 70 902.50000000 582.50000000
660 70 902.50000000 582.50000000
672 70 902.50000000 581.50000000
684 70 902.50000000 581.50000000
696 70 902.50000000 581.50000000
708 70 902.50000000 581.50000000
576 62 906.00000000 555.00000000
588 62 907.00000000 556.00000000
600 62 907.00000000 556.50000000
612 62 907.00000000 556.50000000
624 62 908.00000000 556.50000000
636 62 909.00000000 556.50000000
648 62 909.00000000 556.50000000
660 62 910.00000000 556.50000000
672 62 910.00000000 557.00000000
684 62 910.00000000 557.00000000
696 62 911.50000000 557.00000000
708 62 911.50000000 558.00000000
720 62 911.50000000 558.00000000
732 62 912.50000000 558.00000000
744 62 912.50000000 558.00000000
756 62 913.00000000 559.00000000
768 62 913.00000000 559.00000000
780 62 914.00000000 559.00000000
792 62 914.00000000 559.00000000
804 62 914.00000000 560.00000000
720 58 909.00000000 557.50000000
732 58 909.00000000 557.50000000
744 58 909.00000000 555.50000000
756 58 909.00000000 555.50000000
768 58 909.00000000 555.50000000
780 58 909.00000000 555.50000000
792 58 909.00000000 554.50000000
804 58 909.00000000 554.50000000
816 58 909.00000000 554.50000000
828 58 909.00000000 554.50000000
840 58 909.00000000 552.50000000
852 58 909.00000000 552.50000000
864 58 909.00000000 552.50000000
876 58 909.00000000 552.50000000
888 58 905.00000000 549.50000000
900 58 901.50000000 546.50000000
912 58 896.00000000 541.50000000
924 58 892.50000000 534.00000000
936 58 888.50000000 527.50000000
948 58 885.00000000 521.50000000
720 71 902.50000000 581.50000000
732 71 902.50000000 581.50000000
744 71 902.50000000 581.50000000
756 71 902.50000000 581.50000000
768 71 902.50000000 581.50000000
780 71 902.50000000 581.50000000
792 71 902.50000000 581.50000000
804 71 902.50000000 581.50000000
816 71 902.50000000 581.50000000
828 71 902.50000000 581.50000000
840 71 902.50000000 581.00000000
852 71 902.50000000 581.00000000
864 71 902.50000000 581.00000000
876 71 902.50000000 581.00000000
888 71 902.50000000 581.00000000
900 71 902.50000000 581.00000000
912 71 902.50000000 581.00000000
924 71 902.50000000 581.00000000
936 71 902.50000000 581.00000000
948 71 902.50000000 581.00000000
816 63 916.00000000 560.00000000
828 63 916.00000000 560.00000000
840 63 916.00000000 560.50000000
852 63 917.00000000 560.50000000
864 63 917.00000000 560.50000000
876 63 918.00000000 560.50000000
888 63 919.00000000 560.50000000
900 63 919.00000000 561.00000000
912 63 919.00000000 561.00000000
924 63 919.50000000 562.00000000
936 63 919.50000000 562.00000000
948 63 920.50000000 562.00000000
960 63 920.50000000 562.00000000
972 63 921.50000000 562.00000000
984 63 921.50000000 562.00000000
996 63 921.50000000 562.00000000
1008 63 921.50000000 564.00000000
1020 63 921.50000000 564.00000000
1032 63 921.50000000 564.00000000
1044 63 920.50000000 564.00000000
852 59 1296.50000000 90.00000000
864 59 1296.50000000 99.00000000
876 59 1296.50000000 110.00000000
888 59 1296.50000000 119.50000000
900 59 1295.50000000 132.00000000
912 59 1295.50000000 147.50000000
924 59 1295.50000000 160.00000000
936 59 1295.50000000 171.00000000
948 59 1295.50000000 180.50000000
960 59 1295.50000000 191.00000000
972 59 1295.50000000 202.00000000
984 59 1297.50000000 214.50000000
996 59 1297.50000000 228.50000000
1008 59 1303.00000000 234.50000000
1020 59 1304.50000000 246.50000000
1032 59 1304.50000000 257.50000000
1044 59 1304.50000000 270.00000000
1056 59 1304.50000000 281.00000000
1068 59 1304.50000000 290.00000000
1080 59 1304.50000000 299.50000000
960 72 902.50000000 581.00000000
972 72 902.50000000 581.00000000
984 72 902.50000000 581.00000000
996 72 902.50000000 581.00000000
1008 72 901.50000000 579.00000000
1020 72 901.50000000 579.00000000
1032 72 901.50000000 579.00000000
1044 72 901.50000000 578.50000000
1056 72 901.50000000 578.50000000
1068 72 900.50000000 578.00000000
1080 72 900.50000000 577.00000000
1092 72 900.50000000 577.00000000
1104 72 900.50000000 577.00000000
1116 72 900.50000000 577.00000000
1128 72 899.50000000 575.50000000
1140 72 899.50000000 575.50000000
1152 72 899.50000000 575.50000000
1164 72 899.50000000 574.50000000
1176 72 899.50000000 574.50000000
1188 72 898.50000000 574.00000000
996 53 942.50000000 558.50000000
1008 53 932.50000000 558.50000000
1020 53 932.50000000 558.50000000
1032 53 932.50000000 558.50000000
1044 53 932.50000000 559.50000000
1056 53 932.50000000 559.50000000
1068 53 930.50000000 559.50000000
1080 53 930.50000000 559.50000000
1092 53 930.50000000 561.50000000
1104 53 930.50000000 561.50000000
1116 53 929.00000000 561.50000000
1128 53 929.00000000 561.50000000
1140 53 929.00000000 562.50000000
1152 53 929.00000000 562.50000000
1164 53 929.00000000 562.50000000
1176 53 927.00000000 562.50000000
1188 53 927.00000000 562.50000000
1200 53 927.00000000 561.50000000
1212 53 927.00000000 561.50000000
1224 53 927.00000000 561.50000000
1056 64 919.50000000 564.00000000
1068 64 919.50000000 564.00000000
1080 64 919.00000000 564.00000000
1092 64 919.00000000 564.00000000
1104 64 917.00000000 564.00000000
1116 64 917.00000000 564.00000000
1128 64 917.00000000 564.00000000
1140 64 916.00000000 564.00000000
1152 64 915.00000000 564.00000000
1164 64 915.00000000 564.00000000
1176 64 914.00000000 564.00000000
1188 64 914.00000000 564.00000000
1200 64 913.50000000 564.50000000
1212 64 912.50000000 564.50000000
1224 64 912.50000000 564.50000000
1236 64 912.50000000 564.50000000
1248 64 910.50000000 564.50000000
1260 64 910.50000000 564.50000000
1272 64 910.50000000 564.50000000
1284 64 910.00000000 564.50000000
1200 73 898.50000000 573.00000000
1212 73 898.50000000 573.00000000
1224 73 898.50000000 573.00000000
1236 73 898.50000000 572.50000000
1248 73 898.50000000 572.50000000
1260 73 897.50000000 571.50000000
1272 73 897.50000000 570.50000000
1284 73 897.50000000 570.50000000
1296 73 897.50000000 570.50000000
1308 73 897.50000000 570.50000000
1320 73 896.00000000 566.00000000
1332 73 894.50000000 559.50000000
1344 73 892.50000000 555.00000000
1356 73 890.50000000 550.50000000
1368 73 887.00000000 544.50000000
1380 73 884.50000000 538.00000000
1392 73 891.50000000 527.00000000
1404 73 893.50000000 525.50000000
1416 73 895.50000000 522.50000000
1428 73 895.50000000 516.00000000
1236 54 925.50000000 559.50000000
1248 54 925.50000000 559.50000000
1260 54 925.50000000 558.50000000
1272 54 925.50000000 558.50000000
1284 54 925.50000000 556.50000000
1296 54 925.50000000 556.50000000
1308 54 925.50000000 556.50000000
1320 54 925.50000000 555.50000000
1332 54 925.50000000 555.50000000
1344 54 925.50000000 555.50000000
1356 54 923.50000000 553.50000000
1368 54 919.50000000 553.50000000
1380 54 918.00000000 553.50000000
1392 54 914.50000000 551.50000000
1404 54 910.50000000 551.50000000
1416 54 907.00000000 544.50000000
1428 54 901.50000000 537.50000000
1440 54 898.50000000 534.50000000
1452 54 895.50000000 531.50000000
1464 54 891.50000000 528.50000000
1296 65 909.00000000 564.50000000
1308 65 909.00000000 564.50000000
1320 65 908.00000000 564.50000000
1332 65 908.00000000 564.50000000
1344 65 907.00000000 564.50000000
1356 65 906.00000000 564.50000000
1368 65 906.00000000 564.50000000
1380 65 906.00000000 565.50000000
1392 65 900.50000000 562.00000000
1404 65 897.00000000 559.00000000
1416 65 893.00000000 555.50000000
1428 65 890.00000000 552.50000000
1440 65 886.00000000 549.50000000
1452 65 884.00000000 546.50000000
1464 65 890.00000000 545.00000000
1476 65 895.00000000 542.50000000
1488 65 900.50000000 541.00000000
1500 65 906.00000000 539.50000000
1512 65 912.00000000 535.50000000
1524 65 920.00000000 532.50000000
1440 74 896.50000000 511.50000000
1452 74 896.50000000 506.50000000
1464 74 896.50000000 505.50000000
1476 74 898.50000000 503.50000000
1488 74 898.50000000 503.50000000
1500 74 898.50000000 503.50000000
1512 74 897.50000000 502.00000000
1524 74 897.50000000 502.00000000
1536 74 897.50000000 502.00000000
1548 74 897.50000000 502.00000000
1560 74 898.50000000 502.00000000
1572 74 898.50000000 502.00000000
1584 74 898.50000000 502.00000000
1596 74 898.50000000 502.00000000
1608 74 898.50000000 502.00000000
1620 74 899.50000000 502.00000000
1632 74 899.50000000 502.00000000
1644 74 899.00000000 502.00000000
1656 74 899.00000000 502.00000000
1668 74 899.00000000 502.00000000
1680 28 1148.00000000 177.00000000
1692 28 1148.00000000 177.00000000
1704 28 1155.50000000 180.00000000
1716 28 1165.00000000 182.00000000
1728 28 1172.00000000 185.00000000
1740 28 1179.00000000 188.00000000
1752 28 1186.50000000 193.00000000
1764 28 1196.00000000 204.00000000
1776 28 1203.00000000 213.00000000
1788 28 1212.00000000 224.00000000
1800 28 1219.50000000 232.00000000
1812 28 1225.00000000 238.00000000
1824 28 1230.50000000 246.00000000
1836 28 1232.00000000 258.00000000
1848 28 1234.00000000 269.00000000
1860 28 1238.00000000 281.50000000
1872 28 1236.00000000 292.50000000
1884 28 1236.00000000 305.00000000
1896 28 1236.00000000 317.50000000
1908 28 1232.00000000 330.00000000
1680 75 900.00000000 502.00000000
1692 75 900.00000000 502.00000000
1704 75 900.00000000 501.50000000
1716 75 900.00000000 501.50000000
1728 75 900.00000000 501.50000000
1740 75 901.00000000 501.50000000
1752 75 901.00000000 501.50000000
1764 75 901.00000000 501.50000000
1776 75 900.00000000 501.50000000
1788 75 900.50000000 501.50000000
1800 75 900.50000000 501.50000000
1812 75 900.50000000 501.50000000
1824 75 900.50000000 501.50000000
1836 75 900.50000000 501.50000000
1848 75 901.50000000 501.50000000
1860 75 901.50000000 501.50000000
1872 75 901.50000000 501.50000000
1884 75 901.50000000 501.50000000
1896 75 901.50000000 501.50000000
1908 75 902.50000000 501.50000000
1920 29 1229.00000000 344.00000000
1932 29 1223.00000000 358.00000000
1944 29 1219.50000000 370.50000000
1956 29 1218.00000000 380.00000000
1968 29 1216.00000000 389.00000000
1980 29 1214.00000000 398.50000000
1992 29 1208.50000000 409.00000000
2004 29 1206.00000000 420.00000000
2016 29 1205.00000000 431.00000000
2028 29 1204.00000000 443.00000000
2040 29 1203.00000000 454.00000000
2052 29 1201.50000000 466.00000000
2064 29 1200.50000000 477.00000000
2076 29 1199.50000000 488.00000000
2088 29 1198.50000000 499.50000000
2100 29 1197.50000000 510.50000000
2112 29 1196.50000000 523.00000000
2124 29 1196.50000000 532.50000000
2136 29 1198.50000000 543.50000000
2148 29 1200.50000000 554.50000000
1920 76 902.50000000 501.50000000
1932 76 902.50000000 501.50000000
1944 76 902.50000000 501.50000000
1956 76 902.50000000 501.50000000
1968 76 902.50000000 501.50000000
1980 76 902.50000000 501.50000000
1992 76 902.50000000 501.50000000
2004 76 901.50000000 501.50000000
2016 76 901.50000000 501.50000000
2028 76 901.50000000 501.50000000
2040 76 901.50000000 501.50000000
2052 76 901.50000000 501.50000000
2064 76 901.50000000 501.50000000
2076 76 900.50000000 501.50000000
2088 76 900.50000000 501.50000000
2100 76 900.50000000 501.50000000
2112 76 900.50000000 501.50000000
2124 76 900.50000000 501.50000000
2136 76 900.00000000 501.50000000
2148 76 900.00000000 501.50000000
2004 66 920.50000000 500.50000000
2016 66 920.50000000 500.50000000
2028 66 920.50000000 500.50000000
2040 66 920.50000000 500.50000000
2052 66 920.50000000 500.50000000
2064 66 920.50000000 500.50000000
2076 66 920.50000000 500.50000000
2088 66 920.50000000 500.50000000
2100 66 920.50000000 500.50000000
2112 66 920.50000000 500.50000000
2124 66 920.50000000 500.50000000
2136 66 920.50000000 500.50000000
2148 66 920.50000000 500.50000000
2160 66 920.50000000 500.50000000
2172 66 920.50000000 500.50000000
2184 66 920.50000000 500.50000000
2196 66 920.50000000 500.50000000
2208 66 920.50000000 500.50000000
2220 66 920.50000000 500.50000000
2232 66 920.50000000 500.50000000
2160 30 1204.00000000 565.00000000
2172 30 1206.00000000 576.00000000
2184 30 1206.00000000 587.00000000
2196 30 1207.50000000 598.00000000
2208 30 1209.50000000 609.00000000
2220 30 1217.00000000 619.50000000
2232 30 1226.00000000 627.50000000
2244 30 1237.00000000 637.00000000
2256 30 1248.00000000 644.50000000
2268 30 1257.00000000 652.50000000
2280 30 1262.50000000 658.50000000
2292 30 1269.00000000 666.50000000
2304 30 1276.00000000 672.50000000
2316 30 1282.00000000 677.50000000
2328 30 1289.00000000 679.00000000
2340 30 1296.00000000 680.50000000
2352 30 1300.00000000 679.00000000
2364 30 1302.00000000 679.00000000
2376 30 1302.00000000 679.00000000
2388 30 1302.00000000 680.50000000
2160 77 900.00000000 501.50000000
2172 77 900.00000000 501.50000000
2184 77 901.00000000 501.50000000
2196 77 901.00000000 501.50000000
2208 77 900.00000000 501.50000000
2220 77 900.00000000 501.50000000
2232 77 900.00000000 501.50000000
2244 77 900.00000000 501.50000000
2256 77 900.00000000 501.50000000
2268 77 899.00000000 502.50000000
2280 77 899.00000000 502.50000000
2292 77 899.00000000 502.50000000
2304 77 899.00000000 502.50000000
2316 77 899.00000000 502.50000000
2328 77 899.00000000 502.50000000
2340 77 898.00000000 502.50000000
2352 77 898.00000000 502.50000000
2364 77 898.50000000 502.50000000
2376 77 898.50000000 502.50000000
2388 77 898.50000000 502.50000000
2244 67 920.50000000 500.50000000
2256 67 920.50000000 500.50000000
2268 67 920.50000000 500.50000000
2280 67 920.50000000 500.50000000
2292 67 920.50000000 500.50000000
2304 67 920.50000000 500.50000000
2316 67 920.50000000 500.50000000
2328 67 920.50000000 500.50000000
2340 67 920.50000000 500.50000000
2352 67 920.50000000 500.50000000
2364 67 920.50000000 500.50000000
2376 67 920.50000000 500.50000000
2388 67 920.50000000 500.50000000
2400 67 920.50000000 500.50000000
2412 67 920.50000000 500.50000000
2424 67 920.50000000 500.50000000
2436 67 920.50000000 500.50000000
2448 67 920.50000000 500.50000000
2460 67 920.50000000 500.50000000
2472 67 920.50000000 500.50000000
2256 9 1162.00000000 731.50000000
2268 9 1165.50000000 731.50000000
2280 9 1171.00000000 727.50000000
2292 9 1176.50000000 721.00000000
2304 9 1182.00000000 711.50000000
2316 9 1185.50000000 700.50000000
2328 9 1187.50000000 696.50000000
2340 9 1193.00000000 686.50000000
2352 9 1196.50000000 674.50000000
2364 9 1198.50000000 664.50000000
2376 9 1198.50000000 657.50000000
2388 9 1196.50000000 646.50000000
2400 9 1196.50000000 640.00000000
2412 9 1198.50000000 636.50000000
2424 9 1198.50000000 627.50000000
2436 9 1196.50000000 604.50000000
2448 9 1196.50000000 588.50000000
2460 9 1196.50000000 579.50000000
2472 9 1196.50000000 568.50000000
2484 9 1195.00000000 557.50000000
2400 31 1302.00000000 680.50000000
2412 31 1302.00000000 682.00000000
2424 31 1302.00000000 683.50000000
2436 31 1302.00000000 685.00000000
2448 31 1302.00000000 686.50000000
2460 31 1302.00000000 686.50000000
2472 31 1302.00000000 688.50000000
2484 31 1302.00000000 690.00000000
2496 31 1303.00000000 691.50000000
2508 31 1301.00000000 691.00000000
2520 31 1301.00000000 691.00000000
2532 31 1301.00000000 691.00000000
2544 31 1300.00000000 691.00000000
2556 31 1300.00000000 691.00000000
2568 31 1300.00000000 691.50000000
2580 31 1299.00000000 691.50000000
2592 31 1299.00000000 691.50000000
2604 31 1298.00000000 691.50000000
2616 31 1298.00000000 691.50000000
2628 31 1298.00000000 692.50000000
2496 10 1193.00000000 546.50000000
2508 10 1190.00000000 536.50000000
2520 10 1187.50000000 527.00000000
2532 10 1186.00000000 517.00000000
2544 10 1186.00000000 506.00000000
2556 10 1186.00000000 493.50000000
2568 10 1186.00000000 482.50000000
2580 10 1189.00000000 471.50000000
2592 10 1191.00000000 459.50000000
2604 10 1193.00000000 450.00000000
2616 10 1195.00000000 439.00000000
2628 10 1197.00000000 428.00000000
2640 10 1200.00000000 418.50000000
2652 10 1202.00000000 409.50000000
2664 10 1209.50000000 400.00000000
2676 10 1217.00000000 390.50000000
2688 10 1220.50000000 381.50000000
2700 10 1224.00000000 369.00000000
2712 10 1226.00000000 358.00000000
2724 10 1230.00000000 345.50000000
2640 32 1297.50000000 692.50000000
2652 32 1297.50000000 692.50000000
2664 32 1297.50000000 692.50000000
2676 32 1296.50000000 692.50000000
2688 32 1296.50000000 693.00000000
2700 32 1296.50000000 693.00000000
2712 32 1295.50000000 693.00000000
2724 32 1295.50000000 693.00000000
2736 32 1295.50000000 693.00000000
2748 32 1294.50000000 693.00000000
2760 32 1294.50000000 694.00000000
2772 32 1294.50000000 694.00000000
2784 32 1293.50000000 694.00000000
2796 32 1293.50000000 694.00000000
2808 32 1293.50000000 694.00000000
2820 32 1293.50000000 694.50000000
2832 32 1293.50000000 694.50000000
2844 32 1293.47000000 694.45000000
2856 32 1293.38000000 694.28000000
2868 32 1293.29000000 694.12000000
2736 11 1231.00000000 336.00000000
2748 11 1231.00000000 326.50000000
2760 11 1231.00000000 317.50000000
2772 11 1231.00000000 308.00000000
2784 11 1231.00000000 298.50000000
2796 11 1235.00000000 286.50000000
2808 11 1239.00000000 273.50000000
2820 11 1240.50000000 259.50000000
2832 11 1240.50000000 245.50000000
2844 11 1242.00000000 235.00000000
2856 11 1242.00000000 228.50000000
2868 11 1242.00000000 220.50000000
2880 11 1240.50000000 213.00000000
2892 11 1239.00000000 203.50000000
2904 11 1237.00000000 191.00000000
2916 11 1237.00000000 175.50000000
2928 11 1235.00000000 164.50000000
2940 11 1235.00000000 155.50000000
2952 11 1235.00000000 146.00000000
2964 11 1235.00000000 136.50000000
2880 33 1293.20000000 693.95000000
2892 33 1293.11000000 693.79000000
2904 33 1293.02000000 693.63000000
2916 33 1292.92000000 693.46000000
2928 33 1292.83000000 693.30000000
2940 33 1292.74000000 693.14000000
2952 33 1292.65000000 692.97000000
2964 33 1292.56000000 692.81000000
2976 33 1292.47000000 692.65000000
2988 33 1292.38000000 692.48000000
3000 33 1292.29000000 692.32000000
3012 33 1292.20000000 692.15000000
3024 33 1292.11000000 691.99000000
3036 33 1292.02000000 691.83000000
3048 33 1291.92000000 691.66000000
3060 33 1291.83000000 691.50000000
3072 33 1291.74000000 691.34000000
3084 33 1291.65000000 691.17000000
3096 33 1291.56000000 691.01000000
3108 33 1291.47000000 690.85000000
3000 15 892.50000000 506.00000000
3012 15 892.50000000 506.00000000
3024 15 892.50000000 506.00000000
3036 15 892.50000000 506.00000000
3048 15 892.50000000 506.00000000
3060 15 892.50000000 506.00000000
3072 15 892.50000000 506.00000000
3084 15 892.50000000 506.00000000
3096 15 892.50000000 506.00000000
3108 15 892.50000000 506.00000000
3120 15 892.50000000 506.00000000
3132 15 892.50000000 506.00000000
3144 15 892.50000000 506.00000000
3156 15 892.50000000 506.00000000
3168 15 892.50000000 506.00000000
3180 15 892.50000000 506.00000000
3192 15 892.50000000 506.00000000
3204 15 892.50000000 506.00000000
3216 15 892.50000000 506.00000000
3228 15 892.50000000 506.00000000
3120 34 1291.38000000 690.68000000
3132 34 1291.29000000 690.52000000
3144 34 1291.20000000 690.35000000
3156 34 1291.11000000 690.19000000
3168 34 1291.02000000 690.03000000
3180 34 1289.00000000 688.50000000
3192 34 1287.00000000 686.50000000
3204 34 1285.00000000 686.50000000
3216 34 1285.00000000 685.00000000
3228 34 1283.50000000 683.50000000
3240 34 1282.00000000 683.50000000
3252 34 1280.00000000 682.00000000
3264 34 1280.00000000 680.50000000
3276 34 1278.00000000 680.50000000
3288 34 1271.00000000 677.50000000
3300 34 1263.00000000 672.50000000
3312 34 1254.00000000 665.00000000
3324 34 1247.00000000 654.00000000
3336 34 1238.00000000 646.50000000
3348 34 1227.00000000 635.50000000
3240 16 892.50000000 506.00000000
3252 16 892.50000000 506.00000000
3264 16 892.50000000 506.00000000
3276 16 892.50000000 506.00000000
3288 16 892.50000000 506.00000000
3300 16 892.50000000 506.00000000
3312 16 892.50000000 506.00000000
3324 16 892.50000000 506.00000000
3336 16 892.50000000 506.00000000
3348 16 892.50000000 506.00000000
3360 16 892.50000000 506.00000000
3372 16 892.50000000 506.00000000
3384 16 892.50000000 506.00000000
3396 16 892.50000000 506.00000000
3408 16 892.50000000 506.00000000
3420 16 892.50000000 506.00000000
3432 16 892.50000000 506.00000000
3444 16 892.50000000 506.00000000
3456 16 892.50000000 506.00000000
3468 16 892.50000000 506.00000000
3360 35 1220.00000000 624.50000000
3372 35 1212.00000000 615.00000000
3384 35 1205.00000000 605.50000000
3396 35 1198.00000000 594.50000000
3408 35 1190.00000000 585.50000000
3420 35 1183.00000000 576.00000000
3432 35 1187.00000000 557.50000000
3444 35 1187.00000000 549.50000000
3456 35 1187.00000000 540.50000000
3468 35 1187.00000000 524.50000000
3480 35 1185.00000000 513.50000000
3492 35 1187.00000000 501.50000000
3504 35 1187.00000000 484.00000000
3516 35 1189.50000000 470.00000000
3528 35 1191.50000000 456.50000000
3540 35 1193.00000000 442.50000000
3552 35 1196.50000000 436.50000000
3564 35 1200.50000000 431.50000000
3576 35 1204.00000000 421.50000000
3588 35 1213.50000000 408.50000000
3480 17 892.50000000 506.00000000
3492 17 892.50000000 506.00000000
3504 17 892.50000000 504.50000000
3516 17 892.50000000 504.50000000
3528 17 892.50000000 504.50000000
3540 17 892.50000000 504.50000000
3552 17 892.50000000 504.50000000
3564 17 892.50000000 504.50000000
3576 17 892.50000000 504.50000000
3588 17 892.50000000 504.50000000
3600 17 892.50000000 503.50000000
3612 17 892.50000000 503.50000000
3624 17 892.50000000 503.50000000
3636 17 892.50000000 503.50000000
3648 17 892.50000000 503.50000000
3660 17 892.50000000 503.50000000
3672 17 892.50000000 503.50000000
3684 17 893.50000000 502.00000000
3696 17 893.50000000 502.00000000
3708 17 893.50000000 502.00000000
3576 26 644.50000000 729.50000000
3588 26 643.00000000 729.50000000
3600 26 641.00000000 731.00000000
3612 26 648.50000000 723.50000000
3624 26 657.50000000 717.00000000
3636 26 666.50000000 709.50000000
3648 26 677.50000000 701.50000000
3660 26 690.50000000 693.50000000
3672 26 697.50000000 687.50000000
3684 26 705.00000000 681.50000000
3696 26 714.00000000 675.00000000
3708 26 723.50000000 669.00000000
3720 26 732.50000000 662.50000000
3732 26 741.50000000 656.50000000
3744 26 750.50000000 650.00000000
3756 26 760.00000000 642.50000000
3768 26 771.00000000 637.50000000
3780 26 782.00000000 634.50000000
3792 26 793.00000000 630.00000000
3804 26 800.00000000 625.00000000
3600 36 1222.50000000 402.50000000
3612 36 1233.50000000 394.50000000
3624 36 1242.50000000 385.50000000
3636 36 1249.50000000 378.50000000
3648 36 1255.50000000 372.50000000
3660 36 1260.50000000 363.50000000
3672 36 1266.50000000 354.50000000
3684 36 1269.50000000 332.50000000
3696 36 1273.50000000 321.50000000
3708 36 1277.00000000 321.50000000
3720 36 1279.00000000 307.50000000
3732 36 1279.00000000 288.50000000
3744 36 1272.50000000 270.50000000
3756 36 1269.00000000 261.50000000
3768 36 1269.00000000 253.50000000
3780 36 1269.00000000 242.50000000
3792 36 1267.00000000 230.00000000
3804 36 1263.50000000 219.50000000
3816 36 1252.50000000 210.00000000
3828 36 1241.50000000 200.50000000
3696 38 1194.00000000 8.50000000
3708 38 1206.50000000 9.00000000
3720 38 1214.00000000 9.00000000
3732 38 1221.50000000 9.00000000
3744 38 1230.50000000 16.00000000
3756 38 1236.50000000 24.50000000
3768 38 1240.50000000 33.50000000
3780 38 1246.00000000 41.50000000
3792 38 1249.50000000 50.50000000
3804 38 1257.00000000 61.50000000
3816 38 1268.00000000 66.50000000
3828 38 1275.50000000 74.50000000
3840 38 1281.50000000 82.50000000
3852 38 1285.50000000 89.50000000
3864 38 1290.00000000 96.50000000
3876 38 1294.50000000 103.50000000
3888 38 1299.00000000 110.50000000
3900 38 1301.00000000 121.50000000
3912 38 1302.00000000 131.50000000
3924 38 1302.00000000 141.50000000
3720 18 893.50000000 502.00000000
3732 18 893.50000000 502.00000000
3744 18 893.50000000 502.00000000
3756 18 893.50000000 502.00000000
3768 18 894.50000000 501.00000000
3780 18 894.50000000 501.00000000
3792 18 894.50000000 501.00000000
3804 18 894.50000000 501.00000000
3816 18 894.50000000 501.00000000
3828 18 894.50000000 501.00000000
3840 18 894.50000000 501.00000000
3852 18 894.50000000 501.00000000
3864 18 895.50000000 500.00000000
3876 18 895.50000000 500.00000000
3888 18 895.50000000 500.00000000
3900 18 895.50000000 500.00000000
3912 18 895.50000000 500.00000000
3924 18 895.50000000 500.00000000
3936 18 895.50000000 500.00000000
3948 18 895.50000000 499.00000000
3816 27 805.50000000 620.50000000
3828 27 813.00000000 616.00000000
3840 27 822.00000000 611.00000000
3852 27 833.00000000 605.00000000
3864 27 844.00000000 598.50000000
3876 27 855.00000000 592.50000000
3888 27 866.00000000 584.50000000
3900 27 875.00000000 580.00000000
3912 27 884.00000000 574.00000000
3924 27 893.50000000 567.50000000
3936 27 902.50000000 564.50000000
3948 27 911.50000000 558.00000000
3960 27 920.50000000 552.00000000
3972 27 928.00000000 544.00000000
3984 27 939.00000000 544.00000000
3996 27 946.50000000 536.50000000
4008 27 953.50000000 528.50000000
4020 27 963.00000000 524.00000000
4032 27 972.00000000 518.50000000
4044 27 980.00000000 513.50000000
3840 37 1230.50000000 197.50000000
3852 37 1221.50000000 196.00000000
3864 37 1212.50000000 196.00000000
3876 37 1201.50000000 194.50000000
3888 37 1192.00000000 190.00000000
3900 37 1182.00000000 187.00000000
3912 37 1173.00000000 184.00000000
3924 37 1164.00000000 181.00000000
3936 37 1154.50000000 179.50000000
3948 37 1147.50000000 181.00000000
3960 37 1142.00000000 183.00000000
3972 37 1140.00000000 183.00000000
3984 37 1136.50000000 179.50000000
3996 37 1134.50000000 178.00000000
4008 37 1138.50000000 181.00000000
4020 37 1140.00000000 183.00000000
4032 37 1140.00000000 183.00000000
4044 37 1140.00000000 183.00000000
4056 37 1140.00000000 183.00000000
4068 37 1140.00000000 183.00000000
3936 39 1303.00000000 150.50000000
3948 39 1304.00000000 160.00000000
3960 39 1304.50000000 169.50000000
3972 39 1305.50000000 179.50000000
3984 39 1304.50000000 186.50000000
3996 39 1304.00000000 194.00000000
4008 39 1302.00000000 203.50000000
4020 39 1301.00000000 213.00000000
4032 39 1298.00000000 222.50000000
4044 39 1298.00000000 230.50000000
4056 39 1298.00000000 238.00000000
4068 39 1298.00000000 245.50000000
4080 39 1298.00000000 253.50000000
4092 39 1298.00000000 262.50000000
4104 39 1298.00000000 273.50000000
4116 39 1296.50000000 283.50000000
4128 39 1294.50000000 292.50000000
4140 39 1294.50000000 301.50000000
4152 39 1294.50000000 311.50000000
4164 39 1294.50000000 320.50000000
5496 3 897.00000000 501.00000000
5508 3 897.00000000 501.00000000
5520 3 897.00000000 501.00000000
5532 3 897.00000000 501.00000000
5544 3 897.00000000 501.00000000
5556 3 897.00000000 501.00000000
5568 3 897.00000000 501.00000000
5580 3 897.00000000 501.00000000
5592 3 897.00000000 501.00000000
5604 3 897.00000000 501.00000000
5616 3 897.00000000 501.00000000
5628 3 897.00000000 501.00000000
5640 3 897.00000000 501.00000000
5652 3 897.00000000 501.00000000
5664 3 897.00000000 501.00000000
5676 3 897.00000000 501.00000000
5688 3 897.00000000 501.00000000
5700 3 897.00000000 501.00000000
5712 3 897.00000000 501.00000000
5724 3 897.00000000 501.00000000
5592 1 1295.50000000 404.00000000
5604 1 1296.50000000 395.00000000
5616 1 1290.50000000 383.00000000
5628 1 1286.50000000 371.00000000
5640 1 1284.50000000 365.50000000
5652 1 1281.00000000 348.50000000
5664 1 1277.00000000 331.50000000
5676 1 1273.50000000 315.50000000
5688 1 1271.50000000 308.00000000
5700 1 1269.50000000 299.50000000
5712 1 1268.00000000 287.00000000
5724 1 1266.50000000 274.50000000
5736 1 1257.00000000 260.50000000
5748 1 1249.50000000 253.00000000
5760 1 1243.50000000 245.50000000
5772 1 1236.00000000 238.00000000
5784 1 1229.50000000 230.50000000
5796 1 1222.50000000 222.50000000
5808 1 1215.00000000 215.50000000
5820 1 1208.50000000 208.50000000
5736 4 897.00000000 501.00000000
5748 4 897.00000000 501.00000000
5760 4 897.00000000 501.00000000
5772 4 897.00000000 501.00000000
5784 4 897.00000000 501.00000000
5796 4 897.00000000 501.00000000
5808 4 897.00000000 501.00000000
5820 4 897.00000000 501.00000000
5832 4 897.00000000 501.00000000
5844 4 897.00000000 501.00000000
5856 4 897.00000000 501.00000000
5868 4 897.00000000 501.00000000
5880 4 897.00000000 501.00000000
5892 4 897.00000000 501.00000000
5904 4 897.00000000 501.00000000
5916 4 897.00000000 501.00000000
5928 4 897.00000000 501.00000000
5940 4 897.00000000 501.00000000
5952 4 897.00000000 501.00000000
5964 4 897.00000000 501.00000000
5976 5 897.00000000 501.00000000
5988 5 897.00000000 501.00000000
6000 5 897.00000000 501.00000000
6012 5 895.00000000 500.50000000
6024 5 895.00000000 500.50000000
6036 5 895.00000000 500.50000000
6048 5 895.00000000 500.50000000
6060 5 895.00000000 500.50000000
6072 5 895.00000000 500.50000000
6084 5 895.00000000 500.50000000
6096 5 895.00000000 500.50000000
6108 5 895.00000000 500.50000000
6120 5 895.00000000 500.50000000
6132 5 895.00000000 500.50000000
6144 5 895.00000000 500.50000000
6156 5 895.00000000 500.50000000
6168 5 895.00000000 500.50000000
6180 5 895.00000000 500.50000000
6192 5 895.00000000 500.50000000
6204 5 895.00000000 500.50000000
6216 6 895.00000000 500.50000000
6228 6 895.00000000 500.50000000
6240 6 895.00000000 500.50000000
6252 6 895.00000000 500.50000000
6264 6 895.00000000 500.50000000
6276 6 893.50000000 499.50000000
6288 6 893.50000000 499.50000000
6300 6 893.50000000 499.50000000
6312 6 893.50000000 499.50000000
6324 6 893.50000000 499.50000000
6336 6 893.50000000 499.50000000
6348 6 893.50000000 499.50000000
6360 6 893.50000000 499.50000000
6372 6 893.50000000 499.50000000
6384 6 893.50000000 499.50000000
6396 6 893.50000000 499.50000000
6408 6 893.50000000 499.50000000
6420 6 893.50000000 499.50000000
6432 6 893.50000000 499.50000000
6444 6 893.50000000 499.50000000
6816 13 15.50000000 667.00000000
6828 13 18.00000000 669.00000000
6840 13 25.00000000 667.00000000
6852 13 30.50000000 664.00000000
6864 13 47.00000000 658.00000000
6876 13 58.00000000 658.00000000
6888 13 69.00000000 655.00000000
6900 13 82.00000000 653.00000000
6912 13 94.50000000 650.00000000
6924 13 107.00000000 649.00000000
6936 13 120.00000000 645.00000000
6948 13 133.00000000 642.00000000
6960 13 146.00000000 641.00000000
6972 13 157.00000000 638.00000000
6984 13 169.50000000 636.00000000
6996 13 182.00000000 633.00000000
7008 13 196.00000000 630.50000000
7020 13 209.50000000 628.00000000
7032 13 224.50000000 626.00000000
7044 13 238.00000000 623.00000000
7056 14 252.00000000 620.50000000
7068 14 265.00000000 618.00000000
7080 14 279.00000000 615.50000000
7092 14 292.00000000 614.50000000
7104 14 299.50000000 617.50000000
7116 14 304.50000000 622.50000000
7128 14 315.50000000 620.50000000
7140 14 326.50000000 615.50000000
7152 14 335.50000000 617.50000000
7164 14 346.50000000 620.50000000
7176 14 357.50000000 623.50000000
7188 14 368.50000000 625.50000000
7200 14 379.50000000 626.50000000
7212 14 392.50000000 628.50000000
7224 14 405.50000000 629.50000000
7236 14 419.50000000 629.50000000
7248 14 434.50000000 626.50000000
7260 14 451.00000000 624.50000000
7272 14 452.50000000 621.50000000
7284 14 454.50000000 618.00000000
7308 40 892.50000000 503.00000000
7320 40 898.00000000 500.00000000
7332 40 890.50000000 498.00000000
7344 40 890.50000000 504.50000000
7356 40 892.50000000 510.50000000
7368 40 892.50000000 517.00000000
7380 40 890.50000000 523.00000000
7392 40 885.00000000 531.00000000
7404 40 881.50000000 537.00000000
7416 40 876.00000000 545.00000000
7428 40 872.50000000 553.00000000
7440 40 868.50000000 563.50000000
7452 40 864.00000000 574.50000000
7464 40 859.50000000 587.00000000
7476 40 855.00000000 598.00000000
7488 40 858.50000000 606.00000000
7500 40 866.00000000 610.50000000
7512 40 871.50000000 614.50000000
7524 40 877.00000000 618.50000000
7536 40 882.50000000 622.50000000
7548 41 890.50000000 629.00000000
7560 41 898.00000000 636.50000000
7572 41 907.00000000 643.50000000
7584 41 912.50000000 649.50000000
7596 41 917.00000000 652.50000000
7608 41 913.50000000 660.50000000
7620 41 908.00000000 671.50000000
7632 41 902.50000000 680.50000000
7644 41 895.00000000 686.50000000
7656 41 888.00000000 691.50000000
7668 41 880.50000000 694.50000000
7680 41 875.00000000 697.50000000
7692 41 869.50000000 699.50000000
7704 41 869.50000000 699.50000000
7716 41 867.50000000 699.50000000
7728 41 867.50000000 700.50000000
7740 41 867.50000000 700.50000000
7752 41 867.50000000 700.50000000
7764 41 867.50000000 700.50000000
7776 41 867.50000000 700.50000000
7788 42 867.50000000 700.50000000
7800 42 867.50000000 700.50000000
7812 42 867.50000000 700.50000000
7824 42 867.50000000 700.50000000
7836 42 867.50000000 700.50000000
7848 42 867.50000000 700.50000000
7860 42 867.50000000 700.50000000
7872 42 867.50000000 700.50000000
7884 42 867.50000000 700.50000000
7896 42 867.50000000 700.50000000
7908 42 867.50000000 700.50000000
7920 42 867.50000000 700.50000000
7932 42 867.50000000 700.50000000
7944 42 867.50000000 700.50000000
7956 42 867.50000000 700.50000000
7968 42 867.50000000 700.50000000
7980 42 867.50000000 700.50000000
7992 42 867.50000000 700.50000000
8004 42 867.50000000 699.50000000
8016 42 867.50000000 699.50000000
8028 43 867.50000000 699.50000000
8040 43 867.50000000 699.50000000
8052 43 868.50000000 699.50000000
8064 43 868.50000000 699.50000000
8076 43 868.50000000 698.50000000
8088 43 869.50000000 698.50000000
8100 43 869.50000000 698.50000000
8112 43 869.50000000 698.50000000
8124 43 870.00000000 698.50000000
8136 43 870.00000000 697.50000000
8148 43 870.00000000 697.50000000
8160 43 870.00000000 697.50000000
8172 43 872.00000000 697.50000000
8184 43 872.00000000 697.50000000
8196 43 872.00000000 697.00000000
8208 43 873.00000000 697.00000000
8220 43 873.00000000 697.00000000
8232 43 873.00000000 697.00000000
8244 43 874.00000000 697.00000000
8256 43 874.00000000 697.00000000
8268 44 874.00000000 696.00000000
8280 44 874.00000000 696.00000000
8292 44 875.00000000 696.00000000
8304 44 875.00000000 696.00000000
8316 44 875.00000000 696.00000000
8328 44 873.00000000 694.50000000
8340 44 869.50000000 694.50000000
8352 44 867.50000000 694.50000000
8364 44 866.00000000 694.50000000
8376 44 866.00000000 694.50000000
8388 44 864.00000000 696.00000000
8400 44 864.00000000 696.00000000
8412 44 862.00000000 696.00000000
8424 44 862.00000000 697.50000000
8436 44 860.50000000 697.50000000
8448 44 860.50000000 699.00000000
8460 44 860.50000000 693.00000000
8472 44 860.50000000 686.50000000
8484 44 860.50000000 680.50000000
8496 44 860.50000000 674.50000000
8496 22 89.00000000 579.00000000
8508 22 89.00000000 569.00000000
8520 22 89.00000000 569.00000000
8532 22 89.00000000 567.50000000
8544 22 89.00000000 567.50000000
8556 22 89.00000000 566.00000000
8568 22 89.00000000 566.00000000
8580 22 89.00000000 564.50000000
8592 22 89.00000000 564.50000000
8604 22 87.50000000 564.50000000
8616 22 87.50000000 564.50000000
8628 22 85.50000000 564.50000000
8640 22 85.50000000 564.50000000
8652 22 85.50000000 566.00000000
8664 22 87.50000000 567.50000000
8676 22 89.00000000 569.00000000
8688 22 89.00000000 569.00000000
8700 22 89.00000000 567.50000000
8712 22 89.00000000 567.50000000
8724 22 89.00000000 566.00000000
8496 24 123.00000000 589.50000000
8508 24 123.00000000 589.50000000
8520 24 123.00000000 589.50000000
8532 24 123.00000000 589.50000000
8544 24 123.00000000 589.50000000
8556 24 123.00000000 589.50000000
8568 24 123.00000000 589.50000000
8580 24 123.00000000 589.50000000
8592 24 123.00000000 589.50000000
8604 24 123.00000000 589.50000000
8616 24 123.00000000 589.50000000
8628 24 123.00000000 589.50000000
8640 24 123.00000000 589.50000000
8652 24 123.00000000 589.50000000
8664 24 123.00000000 589.50000000
8676 24 123.00000000 589.50000000
8688 24 123.00000000 589.50000000
8700 24 123.00000000 589.50000000
8712 24 123.00000000 589.50000000
8724 24 123.00000000 589.50000000
8508 45 862.50000000 671.50000000
8520 45 863.50000000 666.50000000
8532 45 863.50000000 662.00000000
8544 45 863.50000000 655.50000000
8556 45 863.50000000 649.50000000
8568 45 863.50000000 643.00000000
8580 45 866.50000000 637.00000000
8592 45 868.50000000 629.00000000
8604 45 872.50000000 621.50000000
8616 45 874.50000000 613.50000000
8628 45 877.50000000 607.50000000
8640 45 881.50000000 602.50000000
8652 45 883.50000000 596.50000000
8664 45 886.50000000 590.00000000
8676 45 888.50000000 584.00000000
8688 45 890.50000000 576.00000000
8700 45 896.00000000 570.00000000
8712 45 901.50000000 562.00000000
8724 45 907.00000000 556.00000000
8736 45 907.00000000 554.50000000
8520 21 1300.00000000 185.00000000
8532 21 1300.00000000 170.00000000
8544 21 1292.50000000 178.00000000
8556 21 1283.50000000 179.50000000
8568 21 1274.50000000 179.50000000
8580 21 1267.00000000 179.50000000
8592 21 1252.50000000 179.50000000
8604 21 1239.50000000 179.50000000
8616 21 1232.50000000 184.00000000
8628 21 1223.00000000 179.50000000
8640 21 1214.00000000 183.00000000
8652 21 1203.00000000 186.00000000
8664 21 1190.50000000 187.00000000
8676 21 1183.00000000 184.00000000
8688 21 1172.00000000 184.00000000
8700 21 1164.50000000 184.00000000
8712 21 1159.50000000 184.00000000
8724 21 1150.00000000 184.00000000
8736 21 1148.50000000 184.00000000
8748 21 1146.50000000 184.00000000
8736 23 89.00000000 566.00000000
8748 23 89.00000000 564.50000000
8760 23 89.00000000 564.50000000
8772 23 87.50000000 564.50000000
8784 23 87.50000000 564.50000000
8796 23 87.50000000 566.00000000
8808 23 87.50000000 566.00000000
8820 23 87.50000000 566.00000000
8832 23 87.50000000 567.50000000
8844 23 87.50000000 567.50000000
8856 23 87.50000000 567.50000000
8868 23 87.50000000 566.00000000
8880 23 87.50000000 566.00000000
8892 23 87.50000000 564.50000000
8904 23 87.50000000 563.00000000
8916 23 87.50000000 561.00000000
8928 23 87.50000000 561.00000000
8940 23 87.50000000 561.00000000
8952 23 87.50000000 561.00000000
8964 23 87.50000000 561.00000000
8736 25 123.00000000 589.50000000
8748 25 123.00000000 589.50000000
8760 25 123.00000000 589.50000000
8772 25 123.00000000 589.50000000
8784 25 123.00000000 589.50000000
8796 25 123.00000000 589.50000000
8808 25 123.00000000 589.50000000
8820 25 123.00000000 589.50000000
8832 25 123.00000000 589.50000000
8844 25 123.00000000 589.50000000
8856 25 123.00000000 589.50000000
8868 25 123.00000000 589.50000000
8880 25 123.00000000 589.50000000
8892 25 123.00000000 589.50000000
8904 25 123.00000000 589.50000000
8916 25 123.00000000 589.50000000
8928 25 123.00000000 589.50000000
8940 25 123.00000000 589.50000000
8952 25 123.00000000 589.50000000
8964 25 123.00000000 589.50000000
8748 46 907.00000000 554.50000000
8760 46 905.50000000 552.50000000
8772 46 905.50000000 551.00000000
8784 46 905.50000000 551.00000000
8796 46 905.50000000 549.50000000
8808 46 905.50000000 549.50000000
8820 46 905.50000000 548.00000000
8832 46 905.50000000 546.50000000
8844 46 908.50000000 543.50000000
8856 46 912.50000000 540.50000000
8868 46 916.50000000 537.00000000
8880 46 921.50000000 531.00000000
8892 46 927.50000000 524.50000000
8904 46 930.50000000 520.00000000
8916 46 930.50000000 517.00000000
8928 46 921.50000000 510.50000000
8940 46 925.50000000 509.00000000
8952 46 923.50000000 506.00000000
8964 46 923.74000000 506.09000000
8976 46 924.32000000 506.31000000
8988 47 924.90000000 506.53000000
9000 47 925.48000000 506.75000000
9012 47 926.05000000 506.97000000
9024 47 926.63000000 507.19000000
9036 47 927.21000000 507.41000000
9048 47 927.79000000 507.63000000
9060 47 928.37000000 507.85000000
9072 47 928.94000000 508.06000000
9084 47 929.52000000 508.28000000
9096 47 930.10000000 508.50000000
9108 47 930.68000000 508.72000000
9120 47 931.26000000 508.94000000
9132 47 931.83000000 509.16000000
9144 47 932.41000000 509.38000000
9156 47 932.99000000 509.60000000
9168 47 933.57000000 509.82000000
9180 47 934.15000000 510.04000000
9192 47 934.72000000 510.26000000
9204 47 935.30000000 510.48000000
9216 47 935.88000000 510.70000000
9012 50 737.50000000 508.00000000
9024 50 737.50000000 510.00000000
9036 50 739.50000000 519.00000000
9048 50 739.50000000 528.50000000
9060 50 739.50000000 538.00000000
9072 50 734.50000000 541.00000000
9084 50 730.50000000 544.00000000
9096 50 727.00000000 547.00000000
9108 50 723.50000000 552.00000000
9120 50 719.50000000 555.00000000
9132 50 716.00000000 558.00000000
9144 50 712.50000000 561.00000000
9156 50 710.50000000 564.00000000
9168 50 710.50000000 567.50000000
9180 50 712.50000000 569.00000000
9192 50 712.50000000 571.00000000
9204 50 712.50000000 571.00000000
9216 50 712.50000000 571.00000000
9228 50 712.50000000 569.00000000
9240 50 712.50000000 569.00000000
9228 48 936.46000000 510.92000000
9240 48 937.04000000 511.13000000
9252 48 937.61000000 511.35000000
9264 48 936.50000000 511.50000000
9276 48 930.50000000 516.50000000
9288 48 927.00000000 520.00000000
9300 48 922.50000000 524.50000000
9312 48 917.00000000 529.50000000
9324 48 913.50000000 532.50000000
9336 48 908.00000000 535.50000000
9348 48 902.50000000 538.50000000
9360 48 898.50000000 543.50000000
9372 48 889.00000000 551.00000000
9384 48 883.00000000 557.50000000
9396 48 883.00000000 559.00000000
9408 48 879.50000000 563.50000000
9420 48 872.00000000 568.50000000
9432 48 865.00000000 574.50000000
9444 48 857.50000000 579.50000000
9456 48 850.50000000 585.50000000
9252 51 712.50000000 569.00000000
9264 51 710.50000000 567.50000000
9276 51 710.50000000 567.50000000
9288 51 710.50000000 567.50000000
9300 51 710.50000000 566.00000000
9312 51 710.50000000 566.00000000
9324 51 710.50000000 566.00000000
9336 51 708.50000000 564.00000000
9348 51 705.00000000 563.00000000
9360 51 703.50000000 561.00000000
9372 51 701.50000000 560.00000000
9384 51 697.50000000 558.00000000
9396 51 699.50000000 558.00000000
9408 51 695.50000000 561.00000000
9420 51 690.50000000 567.50000000
9432 51 688.50000000 563.00000000
9444 51 688.50000000 560.00000000
9456 51 684.50000000 558.00000000
9468 51 681.50000000 561.00000000
9480 51 677.50000000 563.00000000
9384 19 603.00000000 577.50000000
9396 19 595.00000000 577.50000000
9408 19 588.00000000 577.50000000
9420 19 581.00000000 577.50000000
9432 19 568.00000000 577.50000000
9444 19 555.00000000 577.50000000
9456 19 544.00000000 579.50000000
9468 19 531.00000000 579.50000000
9480 19 519.00000000 580.50000000
9492 19 506.00000000 580.50000000
9504 19 493.00000000 582.50000000
9516 19 479.00000000 586.50000000
9528 19 466.50000000 590.00000000
9540 19 452.50000000 595.00000000
9552 19 439.50000000 599.00000000
9564 19 425.50000000 602.00000000
9576 19 411.50000000 606.00000000
9588 19 399.00000000 609.50000000
9600 19 388.00000000 611.50000000
9612 19 379.00000000 611.50000000
9468 49 843.00000000 590.00000000
9480 49 836.00000000 596.50000000
9492 49 828.50000000 601.00000000
9504 49 822.00000000 607.50000000
9516 49 816.00000000 614.50000000
9528 49 809.00000000 621.50000000
9540 49 803.50000000 628.00000000
9552 49 797.50000000 634.50000000
9564 49 791.00000000 642.00000000
9576 49 785.50000000 649.50000000
9588 49 779.00000000 656.50000000
9600 49 773.50000000 661.00000000
9612 49 770.00000000 667.50000000
9624 49 764.50000000 672.00000000
9636 49 759.00000000 678.50000000
9648 49 755.50000000 682.50000000
9660 49 749.50000000 689.00000000
9672 49 744.50000000 693.50000000
9684 49 742.50000000 698.50000000
9696 49 742.50000000 698.50000000
9492 52 675.50000000 566.00000000
9504 52 675.50000000 564.00000000
9516 52 677.50000000 564.00000000
9528 52 678.50000000 563.50000000
9540 52 680.00000000 563.00000000
9552 52 681.00000000 562.00000000
9564 52 683.00000000 561.00000000
9576 52 685.00000000 560.50000000
9588 52 685.50000000 560.50000000
9600 52 687.50000000 560.50000000
9612 52 689.50000000 560.50000000
9624 52 689.50000000 560.50000000
9636 52 691.50000000 560.50000000
9648 52 691.50000000 560.50000000
9660 52 693.50000000 562.00000000
9672 52 694.50000000 562.00000000
9684 52 694.50000000 562.00000000
9696 52 696.50000000 562.00000000
9708 52 696.50000000 562.00000000
9720 52 698.50000000 562.00000000
9576 12 1251.50000000 17.50000000
9588 12 1259.00000000 19.00000000
9600 12 1260.50000000 30.00000000
9612 12 1264.50000000 39.00000000
9624 12 1268.00000000 50.00000000
9636 12 1268.00000000 59.50000000
9648 12 1268.00000000 70.00000000
9660 12 1268.00000000 81.00000000
9672 12 1268.00000000 92.00000000
9684 12 1268.00000000 105.00000000
9696 12 1268.00000000 116.00000000
9708 12 1268.00000000 128.00000000
9720 12 1268.00000000 140.50000000
9732 12 1268.00000000 153.00000000
9744 12 1270.00000000 167.00000000
9756 12 1271.50000000 181.00000000
9768 12 1271.50000000 193.50000000
9780 12 1273.50000000 204.50000000
9792 12 1277.00000000 212.00000000
9804 12 1279.00000000 220.00000000
9624 20 368.00000000 612.50000000
9636 20 359.00000000 612.50000000
9648 20 348.00000000 612.50000000
9660 20 346.00000000 612.50000000
9672 20 344.00000000 612.50000000
9684 20 340.50000000 611.50000000
9696 20 338.50000000 611.50000000
9708 20 337.00000000 611.50000000
9720 20 335.00000000 609.50000000
9732 20 333.00000000 609.50000000
9744 20 331.00000000 609.50000000
9756 20 326.00000000 609.50000000
9768 20 318.50000000 609.50000000
9780 20 311.00000000 611.50000000
9792 20 304.00000000 611.50000000
9804 20 296.50000000 612.50000000
9816 20 287.50000000 612.50000000
9828 20 280.00000000 612.50000000
9840 20 273.00000000 614.50000000
9852 20 265.50000000 614.50000000
