276 2 706.50000000 165.50000000
288 2 713.50000000 165.50000000
300 2 727.50000000 171.50000000
312 2 740.50000000 175.50000000
324 2 753.50000000 181.50000000
336 2 766.50000000 185.50000000
348 2 781.50000000 185.50000000
360 2 796.50000000 185.50000000
372 2 813.50000000 185.50000000
384 2 828.50000000 181.50000000
396 2 845.50000000 181.50000000
408 2 860.50000000 181.50000000
420 2 877.50000000 181.50000000
432 2 892.50000000 185.50000000
444 2 907.50000000 185.50000000
456 2 923.50000000 189.50000000
468 2 940.50000000 189.50000000
480 2 957.50000000 189.50000000
492 2 972.50000000 189.50000000
504 2 985.50000000 187.50000000
