0 32 820.50000000 1146.50000000
12 32 833.50000000 1146.50000000
24 32 848.50000000 1146.50000000
36 32 862.50000000 1146.50000000
48 32 877.50000000 1146.50000000
60 32 891.50000000 1146.50000000
72 32 906.50000000 1146.50000000
84 32 920.50000000 1146.50000000
96 32 935.50000000 1146.50000000
108 32 949.50000000 1142.50000000
120 32 964.50000000 1142.50000000
132 32 979.50000000 1142.50000000
144 32 995.50000000 1142.50000000
156 32 1010.50000000 1142.50000000
168 32 1024.50000000 1142.50000000
180 32 1039.50000000 1142.50000000
192 32 1053.50000000 1142.50000000
204 32 1068.50000000 1142.50000000
216 32 1084.50000000 1142.50000000
228 32 1099.50000000 1142.50000000
0 33 294.50000000 1837.50000000
12 33 283.50000000 1824.50000000
24 33 274.50000000 1812.50000000
36 33 265.50000000 1804.50000000
48 33 256.50000000 1791.50000000
60 33 247.00000000 1783.50000000
72 33 238.00000000 1771.50000000
84 33 229.00000000 1763.00000000
96 33 219.50000000 1750.50000000
108 33 210.50000000 1738.50000000
120 33 201.50000000 1730.00000000
132 33 192.50000000 1717.50000000
144 33 183.50000000 1709.50000000
156 33 174.50000000 1697.00000000
168 33 165.50000000 1688.50000000
180 33 156.00000000 1676.50000000
192 33 147.00000000 1664.00000000
204 33 136.00000000 1655.50000000
216 33 127.00000000 1643.50000000
228 33 118.00000000 1635.50000000
0 59 1294.00000000 1686.50000000
12 59 1293.50000000 1649.50000000
24 59 1293.50000000 1612.50000000
36 59 1292.50000000 1575.50000000
48 59 1292.50000000 1542.50000000
60 59 1291.50000000 1505.50000000
72 59 1291.50000000 1468.50000000
84 59 1290.50000000 1435.50000000
96 59 1290.50000000 1397.50000000
108 59 1290.50000000 1360.50000000
120 59 1289.50000000 1327.50000000
132 59 1289.50000000 1290.50000000
144 59 1285.00000000 1257.50000000
156 59 1277.00000000 1228.50000000
168 59 1270.50000000 1199.50000000
180 59 1252.50000000 1175.50000000
192 59 1234.00000000 1150.50000000
204 59 1212.50000000 1129.50000000
216 59 1181.50000000 1117.50000000
228 59 1150.50000000 1109.50000000
0 71 1150.50000000 1018.50000000
12 71 1137.50000000 1014.00000000
24 71 1124.50000000 1014.00000000
36 71 1112.00000000 1014.00000000
48 71 1099.50000000 1014.00000000
60 71 1088.50000000 1014.00000000
72 71 1075.50000000 1014.00000000
84 71 1064.50000000 1014.00000000
96 71 1052.00000000 1014.00000000
108 71 1041.00000000 1014.00000000
120 71 1028.50000000 1014.00000000
132 71 1015.50000000 1014.00000000
144 71 1004.50000000 1014.00000000
156 71 992.00000000 1014.00000000
168 71 981.00000000 1014.00000000
180 71 968.50000000 1014.00000000
192 71 957.50000000 1014.00000000
204 71 944.50000000 1014.00000000
216 71 933.50000000 1014.00000000
228 71 921.00000000 1014.00000000
0 75 1150.50000000 989.50000000
12 75 1137.50000000 985.50000000
24 75 1124.50000000 985.50000000
36 75 1112.00000000 985.50000000
48 75 1099.50000000 985.50000000
60 75 1088.50000000 985.50000000
72 75 1075.50000000 985.50000000
84 75 1064.50000000 985.50000000
96 75 1052.00000000 985.50000000
108 75 1041.00000000 985.50000000
120 75 1028.50000000 985.50000000
132 75 1015.50000000 985.50000000
144 75 1004.50000000 985.50000000
156 75 992.00000000 985.50000000
168 75 981.00000000 989.50000000
180 75 968.50000000 989.50000000
192 75 957.50000000 989.50000000
204 75 944.50000000 989.50000000
216 75 933.50000000 989.50000000
228 75 921.00000000 989.50000000
48 79 1290.50000000 1055.50000000
60 79 1280.50000000 1055.50000000
72 79 1268.00000000 1051.50000000
84 79 1255.00000000 1047.50000000
96 79 1242.00000000 1043.00000000
108 79 1229.00000000 1043.00000000
120 79 1216.00000000 1039.00000000
132 79 1203.00000000 1035.00000000
144 79 1190.00000000 1035.00000000
156 79 1178.00000000 1031.00000000
168 79 1165.00000000 1031.00000000
180 79 1152.00000000 1031.00000000
192 79 1139.00000000 1031.00000000
204 79 1127.00000000 1028.50000000
216 79 1114.00000000 1026.50000000
228 79 1101.00000000 1026.50000000
240 79 1088.00000000 1026.50000000
252 79 1076.00000000 1024.50000000
264 79 1063.00000000 1024.50000000
276 79 1048.00000000 1022.50000000
240 60 1121.00000000 1096.50000000
252 60 1090.50000000 1088.50000000
264 60 1057.50000000 1084.50000000
276 60 1024.50000000 1082.50000000
288 60 990.00000000 1080.50000000
300 60 957.50000000 1078.50000000
312 60 924.50000000 1074.50000000
324 60 891.50000000 1074.50000000
336 60 857.00000000 1070.00000000
348 60 820.50000000 1065.50000000
360 60 786.00000000 1061.50000000
372 60 751.50000000 1053.50000000
384 60 717.00000000 1049.50000000
396 60 682.50000000 1045.50000000
408 60 647.50000000 1041.50000000
420 60 613.00000000 1037.00000000
432 60 576.50000000 1032.50000000
444 60 542.00000000 1028.50000000
456 60 507.50000000 1024.50000000
468 60 474.50000000 1024.50000000
240 72 910.00000000 1014.00000000
252 72 897.50000000 1014.00000000
264 72 886.50000000 1014.00000000
276 72 873.50000000 1014.00000000
288 72 860.50000000 1014.00000000
300 72 850.00000000 1014.00000000
312 72 837.00000000 1014.00000000
324 72 826.00000000 1014.00000000
336 72 813.50000000 1014.00000000
348 72 800.50000000 1014.00000000
360 72 789.50000000 1014.00000000
372 72 777.00000000 1014.00000000
384 72 764.50000000 1014.00000000
396 72 753.50000000 1014.00000000
408 72 740.50000000 1014.00000000
420 72 729.50000000 1014.00000000
432 72 717.00000000 1014.00000000
444 72 704.00000000 1014.00000000
456 72 693.50000000 1014.00000000
468 72 680.50000000 1014.00000000
240 76 910.00000000 989.50000000
252 76 897.50000000 989.50000000
264 76 886.50000000 989.50000000
276 76 873.50000000 989.50000000
288 76 860.50000000 989.50000000
300 76 850.00000000 989.50000000
312 76 837.00000000 989.50000000
324 76 826.00000000 989.50000000
336 76 813.50000000 989.50000000
348 76 800.50000000 989.50000000
360 76 789.50000000 985.50000000
372 76 777.00000000 985.50000000
384 76 764.50000000 985.50000000
396 76 753.50000000 985.50000000
408 76 740.50000000 985.50000000
420 76 729.50000000 985.50000000
432 76 717.00000000 981.00000000
444 76 704.00000000 981.00000000
456 76 693.50000000 981.00000000
468 76 680.50000000 981.00000000
252 61 132.50000000 16.50000000
264 61 130.50000000 26.50000000
276 61 129.50000000 39.00000000
288 61 129.50000000 51.00000000
300 61 129.50000000 63.50000000
312 61 130.50000000 76.00000000
324 61 132.50000000 88.00000000
336 61 132.50000000 98.50000000
348 61 134.00000000 109.00000000
360 61 134.00000000 119.00000000
372 61 134.00000000 129.50000000
384 61 134.00000000 140.00000000
396 61 136.00000000 148.00000000
408 61 136.00000000 156.00000000
420 61 136.00000000 169.00000000
432 61 138.00000000 181.00000000
444 61 139.50000000 193.50000000
456 61 141.50000000 202.00000000
468 61 145.00000000 214.00000000
480 61 145.00000000 226.50000000
276 64 110.50000000 24.50000000
288 64 110.50000000 41.00000000
300 64 110.50000000 49.00000000
312 64 110.50000000 61.50000000
324 64 112.50000000 74.00000000
336 64 112.50000000 86.00000000
348 64 114.00000000 98.50000000
360 64 114.00000000 107.00000000
372 64 114.00000000 119.00000000
384 64 114.00000000 131.50000000
396 64 116.00000000 140.00000000
408 64 116.00000000 152.00000000
420 64 116.00000000 164.50000000
432 64 118.00000000 173.00000000
444 64 118.00000000 185.00000000
456 64 119.50000000 193.50000000
468 64 121.50000000 202.00000000
480 64 125.00000000 214.00000000
492 64 127.00000000 222.00000000
504 64 128.00000000 230.50000000
288 80 1036.00000000 1020.50000000
300 80 1023.00000000 1020.50000000
312 80 1010.00000000 1020.50000000
324 80 997.00000000 1020.50000000
336 80 985.00000000 1018.50000000
348 80 972.00000000 1018.50000000
360 80 959.00000000 1018.50000000
372 80 946.00000000 1018.50000000
384 80 934.00000000 1018.50000000
396 80 921.00000000 1018.50000000
408 80 908.00000000 1018.50000000
420 80 895.00000000 1018.50000000
432 80 883.00000000 1018.50000000
444 80 870.00000000 1018.50000000
456 80 857.00000000 1018.50000000
468 80 844.00000000 1018.50000000
480 80 832.00000000 1018.50000000
492 80 819.00000000 1018.50000000
504 80 806.00000000 1016.50000000
516 80 792.50000000 1018.50000000
480 73 669.50000000 1014.00000000
492 73 656.50000000 1014.00000000
504 73 644.00000000 1014.00000000
516 73 632.00000000 1014.00000000
528 73 619.50000000 1016.50000000
540 73 608.00000000 1016.50000000
552 73 594.00000000 1016.50000000
564 73 581.00000000 1016.50000000
576 73 568.50000000 1016.50000000
588 73 556.00000000 1012.00000000
600 73 543.00000000 1012.00000000
612 73 530.00000000 1012.00000000
624 73 519.00000000 1012.00000000
636 73 506.50000000 1012.00000000
648 73 496.00000000 1012.00000000
660 73 483.00000000 1012.00000000
672 73 472.00000000 1012.00000000
684 73 459.00000000 1012.00000000
696 73 447.50000000 1012.00000000
708 73 435.50000000 1014.50000000
480 77 669.50000000 981.00000000
492 77 656.50000000 981.00000000
504 77 645.00000000 981.00000000
516 77 634.00000000 981.00000000
528 77 622.00000000 981.00000000
540 77 611.00000000 981.00000000
552 77 598.50000000 983.50000000
564 77 586.00000000 983.50000000
576 77 571.00000000 983.50000000
588 77 558.50000000 983.50000000
600 77 546.00000000 983.50000000
612 77 531.00000000 983.50000000
624 77 520.00000000 983.50000000
636 77 509.00000000 983.50000000
648 77 498.50000000 983.50000000
660 77 487.50000000 983.50000000
672 77 476.50000000 983.50000000
684 77 464.00000000 983.50000000
696 77 453.00000000 983.50000000
708 77 442.00000000 979.00000000
492 62 145.00000000 235.00000000
504 62 144.50000000 243.00000000
516 62 144.50000000 255.00000000
528 62 144.50000000 266.00000000
540 62 144.50000000 278.00000000
552 62 144.50000000 286.00000000
564 62 145.50000000 299.00000000
576 62 145.50000000 309.00000000
588 62 145.50000000 321.00000000
600 62 145.50000000 330.00000000
612 62 146.50000000 342.00000000
624 62 146.50000000 352.00000000
636 62 146.50000000 365.00000000
648 62 146.50000000 373.00000000
660 62 146.50000000 385.00000000
672 62 147.00000000 395.50000000
684 62 147.00000000 408.00000000
696 62 147.00000000 416.00000000
708 62 147.00000000 428.50000000
720 62 147.00000000 439.00000000
504 86 108.00000000 467.50000000
516 86 108.00000000 443.00000000
528 86 108.00000000 416.00000000
540 86 109.00000000 391.50000000
552 86 105.00000000 371.00000000
564 86 105.00000000 350.00000000
576 86 107.00000000 325.50000000
588 86 109.00000000 300.50000000
600 86 110.50000000 280.00000000
612 86 112.50000000 259.50000000
624 86 116.00000000 243.00000000
636 86 118.00000000 222.50000000
648 86 120.00000000 197.50000000
660 86 123.00000000 168.50000000
672 86 125.00000000 148.00000000
684 86 123.00000000 140.00000000
696 86 123.00000000 123.50000000
708 86 123.00000000 107.00000000
720 86 123.00000000 90.50000000
732 86 123.00000000 74.00000000
516 65 128.00000000 241.00000000
528 65 128.00000000 253.00000000
540 65 128.00000000 264.00000000
552 65 128.00000000 274.00000000
564 65 128.00000000 282.00000000
576 65 128.00000000 292.50000000
588 65 128.00000000 303.00000000
600 65 127.00000000 313.00000000
612 65 127.00000000 325.50000000
624 65 127.00000000 333.50000000
636 65 127.00000000 344.00000000
648 65 127.00000000 354.50000000
660 65 127.00000000 364.50000000
672 65 127.00000000 372.50000000
684 65 127.00000000 383.50000000
696 65 126.50000000 395.50000000
708 65 126.50000000 405.50000000
720 65 126.50000000 416.50000000
732 65 126.50000000 424.50000000
744 65 126.50000000 434.50000000
528 81 778.50000000 1018.50000000
540 81 766.00000000 1020.50000000
552 81 751.50000000 1018.00000000
564 81 740.50000000 1018.00000000
576 81 730.00000000 1014.00000000
588 81 717.00000000 1010.00000000
600 81 706.00000000 1006.00000000
612 81 693.00000000 1002.00000000
624 81 680.50000000 1002.00000000
636 81 669.50000000 1002.00000000
648 81 657.00000000 1002.00000000
660 81 644.00000000 1002.00000000
672 81 631.00000000 1002.00000000
684 81 618.50000000 1002.00000000
696 81 606.00000000 1002.00000000
708 81 593.00000000 998.00000000
720 81 580.00000000 998.00000000
732 81 569.50000000 998.00000000
744 81 557.00000000 998.00000000
756 81 544.00000000 998.00000000
720 74 424.00000000 1014.50000000
732 74 412.00000000 1014.50000000
744 74 400.00000000 1014.50000000
756 74 388.00000000 1014.50000000
768 74 376.50000000 1014.50000000
780 74 363.50000000 1014.50000000
792 74 353.00000000 1014.50000000
804 74 340.00000000 1014.50000000
816 74 329.00000000 1014.50000000
828 74 316.50000000 1014.50000000
840 74 303.50000000 1014.50000000
852 74 291.00000000 1014.50000000
864 74 280.00000000 1014.50000000
876 74 267.00000000 1014.50000000
888 74 254.50000000 1014.50000000
900 74 243.50000000 1014.50000000
912 74 231.00000000 1014.50000000
924 74 218.00000000 1014.50000000
936 74 205.00000000 1014.50000000
948 74 194.50000000 1014.50000000
720 78 431.00000000 979.00000000
732 78 420.00000000 979.00000000
744 78 407.50000000 979.00000000
756 78 396.50000000 979.00000000
768 78 385.50000000 979.00000000
780 78 374.50000000 979.00000000
792 78 364.00000000 979.00000000
804 78 351.00000000 979.00000000
816 78 338.00000000 979.00000000
828 78 325.50000000 979.00000000
840 78 313.00000000 979.00000000
852 78 300.00000000 979.00000000
864 78 287.00000000 979.00000000
876 78 274.50000000 979.00000000
888 78 262.00000000 979.00000000
900 78 249.00000000 979.00000000
912 78 236.00000000 979.00000000
924 78 223.50000000 979.00000000
936 78 211.00000000 979.00000000
948 78 198.00000000 979.00000000
720 103 23.00000000 1095.00000000
732 103 36.00000000 1093.00000000
744 103 48.50000000 1093.00000000
756 103 61.50000000 1093.00000000
768 103 74.00000000 1093.00000000
780 103 88.00000000 1093.00000000
792 103 100.50000000 1093.00000000
804 103 113.50000000 1093.00000000
816 103 126.00000000 1093.00000000
828 103 138.50000000 1093.00000000
840 103 153.50000000 1097.00000000
852 103 166.00000000 1097.00000000
864 103 179.00000000 1097.00000000
876 103 191.50000000 1101.00000000
888 103 206.00000000 1101.00000000
900 103 219.00000000 1105.00000000
912 103 231.50000000 1105.00000000
924 103 246.50000000 1105.00000000
936 103 259.00000000 1109.00000000
948 103 271.50000000 1109.00000000
732 63 148.00000000 451.00000000
744 63 148.00000000 459.50000000
756 63 148.00000000 472.00000000
768 63 148.00000000 482.00000000
780 63 149.00000000 494.50000000
792 63 147.00000000 507.00000000
804 63 145.00000000 519.50000000
816 63 145.00000000 531.50000000
828 63 143.50000000 544.00000000
840 63 143.50000000 556.50000000
852 63 141.50000000 573.00000000
864 63 139.50000000 585.50000000
876 63 139.50000000 597.50000000
888 63 138.00000000 610.00000000
900 63 138.00000000 622.50000000
912 63 138.00000000 626.50000000
924 63 138.00000000 626.50000000
936 63 138.00000000 626.50000000
948 63 138.00000000 626.50000000
960 63 138.00000000 626.50000000
744 87 123.00000000 59.50000000
756 87 123.00000000 45.00000000
768 87 123.00000000 33.00000000
780 87 123.04000000 33.90000000
792 87 123.09000000 34.89000000
804 87 123.14000000 35.88000000
816 87 123.19000000 36.86000000
828 87 123.24000000 37.85000000
840 87 123.29000000 38.84000000
852 87 123.34000000 39.82000000
864 87 123.38000000 40.81000000
876 87 123.43000000 41.80000000
888 87 123.48000000 42.78000000
900 87 123.53000000 43.77000000
912 87 123.58000000 44.76000000
924 87 123.63000000 45.74000000
936 87 123.68000000 46.73000000
948 87 123.72000000 47.72000000
960 87 123.77000000 48.70000000
972 87 123.82000000 49.69000000
756 66 126.50000000 445.00000000
768 66 126.50000000 455.50000000
780 66 126.50000000 468.00000000
792 66 126.50000000 480.00000000
804 66 126.50000000 492.50000000
816 66 127.50000000 509.00000000
828 66 127.50000000 521.50000000
840 66 127.50000000 538.00000000
852 66 129.50000000 550.00000000
864 66 129.50000000 567.00000000
876 66 131.50000000 579.00000000
888 66 131.50000000 595.50000000
900 66 131.50000000 608.00000000
912 66 133.50000000 612.00000000
924 66 133.50000000 612.00000000
936 66 133.50000000 612.00000000
948 66 133.50000000 612.00000000
960 66 133.50000000 612.00000000
972 66 133.50000000 612.00000000
984 66 133.50000000 612.00000000
756 67 50.50000000 744.00000000
768 67 68.50000000 727.50000000
780 67 87.50000000 711.00000000
792 67 102.50000000 690.50000000
804 67 102.50000000 661.50000000
816 67 100.50000000 628.50000000
828 67 98.50000000 600.00000000
840 67 98.50000000 567.00000000
852 67 100.50000000 534.00000000
864 67 104.50000000 501.00000000
876 67 107.50000000 468.00000000
888 67 111.50000000 430.50000000
900 67 115.00000000 397.50000000
912 67 117.00000000 369.00000000
924 67 117.00000000 340.00000000
936 67 117.00000000 315.00000000
948 67 117.00000000 286.00000000
960 67 118.50000000 253.00000000
972 67 120.50000000 216.00000000
984 67 122.50000000 183.00000000
768 82 531.00000000 998.00000000
780 82 518.50000000 998.00000000
792 82 506.00000000 998.00000000
804 82 493.00000000 994.00000000
816 82 482.00000000 994.00000000
828 82 471.00000000 994.00000000
840 82 458.00000000 994.00000000
852 82 447.50000000 994.00000000
864 82 435.00000000 994.00000000
876 82 424.00000000 990.00000000
888 82 411.00000000 990.00000000
900 82 400.00000000 990.00000000
912 82 389.00000000 990.00000000
924 82 376.50000000 990.00000000
936 82 365.50000000 985.00000000
948 82 353.00000000 985.00000000
960 82 342.00000000 985.00000000
972 82 329.00000000 985.00000000
984 82 318.00000000 985.00000000
996 82 307.00000000 985.00000000
960 104 284.50000000 1109.00000000
972 104 299.00000000 1113.00000000
984 104 311.50000000 1113.00000000
996 104 324.50000000 1113.00000000
1008 104 339.00000000 1115.00000000
1020 104 353.50000000 1115.00000000
1032 104 367.50000000 1115.00000000
1044 104 381.50000000 1115.00000000
1056 104 396.50000000 1115.00000000
1068 104 409.50000000 1115.00000000
1080 104 422.00000000 1115.00000000
1092 104 434.50000000 1115.00000000
1104 104 447.50000000 1115.00000000
1116 104 458.50000000 1117.50000000
1128 104 471.00000000 1117.50000000
1140 104 483.50000000 1117.50000000
1152 104 496.50000000 1117.50000000
1164 104 509.50000000 1117.50000000
1176 104 522.00000000 1117.50000000
1188 104 534.50000000 1117.50000000
984 88 123.87000000 50.68000000
996 88 123.92000000 51.66000000
1008 88 123.97000000 52.65000000
1020 88 124.01000000 53.63000000
1032 88 124.06000000 54.62000000
1044 88 124.11000000 55.61000000
1056 88 124.16000000 56.59000000
1068 88 124.21000000 57.58000000
1080 88 124.26000000 58.57000000
1092 88 124.31000000 59.55000000
1104 88 124.35000000 60.54000000
1116 88 124.40000000 61.53000000
1128 88 124.45000000 62.51000000
1140 88 124.50000000 63.50000000
1152 88 124.50000000 76.00000000
1164 88 126.50000000 88.00000000
1176 88 127.00000000 101.00000000
1188 88 127.00000000 113.00000000
1200 88 125.50000000 121.00000000
1212 88 123.50000000 129.50000000
996 116 1304.00000000 1236.50000000
1008 116 1290.50000000 1210.00000000
1020 116 1283.00000000 1200.00000000
1032 116 1277.00000000 1190.00000000
1044 116 1269.50000000 1179.00000000
1056 116 1263.50000000 1169.00000000
1068 116 1255.50000000 1159.00000000
1080 116 1245.00000000 1150.50000000
1092 116 1232.50000000 1142.00000000
1104 116 1219.50000000 1138.00000000
1116 116 1206.50000000 1130.00000000
1128 116 1194.00000000 1121.50000000
1140 116 1181.50000000 1113.00000000
1152 116 1168.50000000 1105.00000000
1164 116 1157.50000000 1101.00000000
1176 116 1144.50000000 1093.00000000
1188 116 1132.00000000 1084.50000000
1200 116 1119.50000000 1076.00000000
1212 116 1106.50000000 1072.00000000
1224 116 1092.00000000 1064.00000000
1008 83 294.50000000 985.00000000
1020 83 282.50000000 985.00000000
1032 83 270.50000000 985.00000000
1044 83 259.00000000 990.00000000
1056 83 247.50000000 990.00000000
1068 83 235.50000000 990.00000000
1080 83 223.50000000 990.00000000
1092 83 211.50000000 994.00000000
1104 83 200.50000000 994.00000000
1116 83 189.00000000 994.00000000
1128 83 177.00000000 998.00000000
1140 83 165.00000000 998.00000000
1152 83 153.00000000 998.00000000
1164 83 141.50000000 998.00000000
1176 83 129.00000000 1002.00000000
1188 83 118.00000000 1002.00000000
1200 83 107.00000000 1006.00000000
1212 83 96.00000000 1006.00000000
1224 83 85.00000000 1006.00000000
1236 83 74.00000000 1006.00000000
1056 84 52.50000000 781.00000000
1068 84 59.50000000 773.00000000
1080 84 74.50000000 769.00000000
1092 84 87.00000000 760.50000000
1104 84 96.00000000 752.50000000
1116 84 99.50000000 740.00000000
1128 84 103.50000000 727.50000000
1140 84 107.00000000 715.00000000
1152 84 110.50000000 703.00000000
1164 84 112.50000000 694.50000000
1176 84 116.00000000 682.00000000
1188 84 119.50000000 670.00000000
1200 84 123.50000000 657.50000000
1212 84 127.00000000 645.00000000
1224 84 130.50000000 637.00000000
1236 84 134.50000000 624.50000000
1248 84 137.50000000 612.00000000
1260 84 139.50000000 600.00000000
1272 84 143.50000000 587.50000000
1284 84 145.50000000 575.00000000
1068 45 47.50000000 1142.00000000
1080 45 56.50000000 1130.00000000
1092 45 67.50000000 1130.00000000
1104 45 78.50000000 1130.00000000
1116 45 89.50000000 1130.00000000
1128 45 100.50000000 1125.50000000
1140 45 111.50000000 1125.50000000
1152 45 123.50000000 1125.50000000
1164 45 134.50000000 1125.50000000
1176 45 145.00000000 1125.50000000
1188 45 156.00000000 1121.50000000
1200 45 167.00000000 1121.50000000
1212 45 178.00000000 1121.50000000
1224 45 189.00000000 1121.50000000
1236 45 201.50000000 1121.50000000
1248 45 212.50000000 1121.50000000
1260 45 223.50000000 1121.50000000
1272 45 234.50000000 1125.50000000
1284 45 245.50000000 1125.50000000
1296 45 256.50000000 1125.50000000
1200 105 547.50000000 1117.50000000
1212 105 560.50000000 1117.50000000
1224 105 573.00000000 1117.50000000
1236 105 585.50000000 1117.50000000
1248 105 598.50000000 1117.50000000
1260 105 611.50000000 1117.50000000
1272 105 624.00000000 1117.50000000
1284 105 636.50000000 1117.50000000
1296 105 649.50000000 1117.50000000
1308 105 664.00000000 1117.50000000
1320 105 676.50000000 1117.50000000
1332 105 689.50000000 1117.50000000
1344 105 702.50000000 1117.50000000
1356 105 717.00000000 1117.50000000
1368 105 729.50000000 1117.50000000
1380 105 742.50000000 1117.50000000
1392 105 757.00000000 1117.50000000
1404 105 769.00000000 1117.50000000
1416 105 779.50000000 1117.50000000
1428 105 791.50000000 1117.50000000
1224 89 123.50000000 138.00000000
1236 89 121.50000000 146.00000000
1248 89 119.50000000 158.00000000
1260 89 117.50000000 167.00000000
1272 89 116.00000000 175.00000000
1284 89 116.00000000 183.00000000
1296 89 116.00000000 195.50000000
1308 89 114.50000000 204.00000000
1320 89 114.50000000 212.00000000
1332 89 114.50000000 220.00000000
1344 89 114.50000000 233.00000000
1356 89 112.50000000 241.00000000
1368 89 112.50000000 249.00000000
1380 89 112.50000000 261.50000000
1392 89 110.50000000 270.00000000
1404 89 110.50000000 278.00000000
1416 89 110.50000000 290.00000000
1428 89 110.50000000 299.00000000
1440 89 110.50000000 307.00000000
1452 89 110.50000000 319.00000000
1236 117 1073.50000000 1055.50000000
1248 117 1055.50000000 1051.50000000
1260 117 1037.50000000 1043.00000000
1272 117 1019.50000000 1039.00000000
1284 117 1001.00000000 1031.00000000
1296 117 984.50000000 1027.00000000
1308 117 970.00000000 1027.00000000
1320 117 957.50000000 1022.50000000
1332 117 942.50000000 1018.50000000
1344 117 928.50000000 1018.50000000
1356 117 916.50000000 1014.00000000
1368 117 904.50000000 1014.00000000
1380 117 893.00000000 1010.00000000
1392 117 881.00000000 1008.00000000
1404 117 869.00000000 1006.00000000
1416 117 858.00000000 1004.00000000
1428 117 846.50000000 1000.00000000
1440 117 831.50000000 1000.00000000
1452 117 815.50000000 1000.00000000
1464 117 800.50000000 996.00000000
1296 85 145.50000000 562.50000000
1308 85 145.50000000 550.00000000
1320 85 145.50000000 538.00000000
1332 85 145.50000000 523.50000000
1344 85 145.50000000 511.00000000
1356 85 145.50000000 499.00000000
1368 85 145.50000000 486.00000000
1380 85 145.50000000 474.00000000
1392 85 143.50000000 461.50000000
1404 85 143.50000000 449.00000000
1416 85 143.50000000 437.00000000
1428 85 141.50000000 424.50000000
1440 85 141.50000000 412.00000000
1452 85 141.50000000 400.00000000
1464 85 141.50000000 387.00000000
1476 85 139.50000000 375.00000000
1488 85 139.50000000 362.50000000
1500 85 139.50000000 350.00000000
1512 85 137.50000000 338.00000000
1524 85 136.00000000 325.50000000
1308 46 267.00000000 1130.00000000
1320 46 278.00000000 1130.00000000
1332 46 289.00000000 1134.00000000
1344 46 300.00000000 1134.00000000
1356 46 311.00000000 1134.00000000
1368 46 321.50000000 1134.00000000
1380 46 334.50000000 1138.00000000
1392 46 345.50000000 1138.00000000
1404 46 356.50000000 1138.00000000
1416 46 369.00000000 1142.00000000
1428 46 380.00000000 1142.00000000
1440 46 391.00000000 1142.00000000
1452 46 402.00000000 1142.00000000
1464 46 414.50000000 1146.50000000
1476 46 425.50000000 1146.50000000
1488 46 436.50000000 1146.50000000
1500 46 449.50000000 1150.50000000
1512 46 455.50000000 1148.50000000
1524 46 462.00000000 1146.00000000
1536 46 468.00000000 1146.00000000
1356 108 1283.50000000 1926.00000000
1368 108 1283.50000000 1913.50000000
1380 108 1283.50000000 1905.00000000
1392 108 1283.50000000 1893.00000000
1404 108 1283.50000000 1880.50000000
1416 108 1283.50000000 1868.00000000
1428 108 1284.50000000 1856.00000000
1440 108 1284.50000000 1847.50000000
1452 108 1284.50000000 1835.00000000
1464 108 1284.50000000 1823.00000000
1476 108 1284.50000000 1810.50000000
1488 108 1284.50000000 1798.00000000
1500 108 1285.00000000 1790.00000000
1512 108 1280.00000000 1763.00000000
1524 108 1275.00000000 1738.50000000
1536 108 1275.00000000 1734.50000000
1548 108 1274.00000000 1725.50000000
1560 108 1274.00000000 1717.50000000
1572 108 1274.00000000 1709.50000000
1584 108 1274.00000000 1694.50000000
1356 112 1280.00000000 1103.00000000
1368 112 1267.00000000 1103.00000000
1380 112 1256.00000000 1103.00000000
1392 112 1245.00000000 1103.00000000
1404 112 1234.00000000 1103.00000000
1416 112 1223.00000000 1103.00000000
1428 112 1209.00000000 1098.50000000
1440 112 1196.00000000 1098.50000000
1452 112 1181.00000000 1098.50000000
1464 112 1167.00000000 1094.50000000
1476 112 1154.00000000 1094.50000000
1488 112 1139.00000000 1094.50000000
1500 112 1127.00000000 1094.50000000
1512 112 1106.50000000 1092.50000000
1524 112 1086.50000000 1092.50000000
1536 112 1068.50000000 1092.50000000
1548 112 1048.00000000 1092.50000000
1560 112 1033.50000000 1088.50000000
1572 112 1020.00000000 1088.50000000
1584 112 1007.50000000 1088.50000000
1440 106 803.50000000 1117.50000000
1452 106 816.00000000 1117.50000000
1464 106 828.00000000 1117.50000000
1476 106 840.00000000 1117.50000000
1488 106 852.00000000 1117.50000000
1500 106 864.50000000 1121.50000000
1512 106 881.00000000 1117.00000000
1524 106 897.00000000 1117.50000000
1536 106 915.50000000 1115.50000000
1548 106 919.00000000 1113.50000000
1560 106 915.50000000 1105.00000000
1572 106 926.00000000 1105.00000000
1584 106 956.00000000 1113.50000000
1596 106 973.00000000 1121.50000000
1608 106 985.00000000 1130.00000000
1620 106 995.50000000 1136.00000000
1632 106 1011.00000000 1130.00000000
1644 106 1025.50000000 1121.50000000
1656 106 1041.00000000 1117.50000000
1668 106 1050.00000000 1117.50000000
1476 118 786.50000000 996.00000000
1488 118 771.50000000 996.00000000
1500 118 756.50000000 996.00000000
1512 118 751.50000000 993.50000000
1524 118 747.00000000 995.50000000
1536 118 737.00000000 995.50000000
1548 118 724.00000000 995.50000000
1560 118 711.50000000 995.50000000
1572 118 699.50000000 995.50000000
1584 118 687.00000000 995.50000000
1596 118 672.50000000 989.50000000
1608 118 654.00000000 985.50000000
1620 118 640.50000000 981.50000000
1632 118 629.00000000 973.50000000
1644 118 617.00000000 968.50000000
1656 118 606.00000000 964.50000000
1668 118 594.00000000 960.50000000
1680 118 580.00000000 960.50000000
1692 118 566.00000000 964.50000000
1704 118 552.00000000 968.50000000
1548 47 475.00000000 1144.00000000
1560 47 487.50000000 1146.00000000
1572 47 505.00000000 1146.00000000
1584 47 521.00000000 1146.00000000
1596 47 532.00000000 1146.00000000
1608 47 543.00000000 1146.00000000
1620 47 552.00000000 1142.00000000
1632 47 563.00000000 1142.00000000
1644 47 572.00000000 1138.00000000
1656 47 584.00000000 1138.00000000
1668 47 600.00000000 1138.00000000
1680 47 617.00000000 1134.00000000
1692 47 622.00000000 1134.00000000
1704 47 626.00000000 1130.00000000
1716 47 633.00000000 1130.00000000
1728 47 644.00000000 1138.00000000
1740 47 657.00000000 1142.00000000
1752 47 668.00000000 1154.50000000
1764 47 679.00000000 1163.00000000
1776 47 690.00000000 1171.00000000
1596 109 1274.00000000 1678.50000000
1608 109 1276.00000000 1666.50000000
1620 109 1272.00000000 1653.50000000
1632 109 1270.50000000 1641.50000000
1644 109 1270.50000000 1628.50000000
1656 109 1270.50000000 1604.50000000
1668 109 1270.50000000 1579.50000000
1680 109 1270.50000000 1567.50000000
1692 109 1274.00000000 1567.50000000
1704 109 1276.00000000 1562.50000000
1716 109 1278.00000000 1562.50000000
1728 109 1276.00000000 1550.50000000
1740 109 1274.00000000 1538.50000000
1752 109 1270.50000000 1521.50000000
1764 109 1268.50000000 1513.50000000
1776 109 1268.50000000 1509.50000000
1788 109 1268.50000000 1501.50000000
1800 109 1268.50000000 1496.50000000
1812 109 1268.50000000 1492.50000000
1824 109 1268.50000000 1492.50000000
1596 113 994.00000000 1088.50000000
1608 113 981.00000000 1088.50000000
1620 113 967.00000000 1088.50000000
1632 113 954.50000000 1088.50000000
1644 113 942.00000000 1086.50000000
1656 113 928.00000000 1086.50000000
1668 113 915.00000000 1086.50000000
1680 113 902.00000000 1086.50000000
1692 113 889.00000000 1086.50000000
1704 113 875.50000000 1084.50000000
1716 113 862.50000000 1084.50000000
1728 113 849.00000000 1084.50000000
1740 113 836.50000000 1082.50000000
1752 113 822.50000000 1082.50000000
1764 113 809.50000000 1082.50000000
1776 113 796.50000000 1082.50000000
1788 113 783.50000000 1082.50000000
1800 113 769.50000000 1082.50000000
1812 113 757.00000000 1082.50000000
1824 113 743.50000000 1080.50000000
1680 107 1061.00000000 1121.50000000
1692 107 1074.50000000 1121.50000000
1704 107 1091.00000000 1117.50000000
1716 107 1107.50000000 1113.00000000
1728 107 1122.00000000 1109.00000000
1740 107 1135.00000000 1109.00000000
1752 107 1147.50000000 1107.00000000
1764 107 1160.50000000 1105.00000000
1776 107 1173.00000000 1105.00000000
1788 107 1184.00000000 1103.00000000
1800 107 1196.50000000 1103.00000000
1812 107 1209.50000000 1101.00000000
1824 107 1220.50000000 1099.00000000
1836 107 1231.50000000 1101.00000000
1848 107 1242.00000000 1101.00000000
1860 107 1253.00000000 1096.50000000
1872 107 1260.50000000 1084.50000000
1884 107 1269.50000000 1072.50000000
1896 107 1271.50000000 1072.50000000
1908 107 1271.50000000 1072.50000000
1716 119 537.50000000 973.50000000
1728 119 523.00000000 977.50000000
1740 119 508.50000000 977.50000000
1752 119 479.50000000 966.50000000
1764 119 448.50000000 950.50000000
1776 119 430.00000000 948.50000000
1788 119 415.50000000 948.50000000
1800 119 401.00000000 948.50000000
1812 119 388.00000000 948.50000000
1824 119 375.50000000 948.50000000
1836 119 359.00000000 952.50000000
1848 119 341.00000000 952.50000000
1860 119 324.50000000 952.50000000
1872 119 308.00000000 952.50000000
1884 119 297.00000000 952.50000000
1896 119 284.50000000 952.50000000
1908 119 275.50000000 952.50000000
1920 119 268.00000000 952.50000000
1932 119 262.00000000 952.50000000
1944 119 250.00000000 952.50000000
1788 48 700.50000000 1171.00000000
1800 48 711.00000000 1167.00000000
1812 48 722.00000000 1163.00000000
1824 48 735.00000000 1159.00000000
1836 48 748.00000000 1150.50000000
1848 48 761.00000000 1150.50000000
1860 48 773.00000000 1146.00000000
1872 48 782.50000000 1138.00000000
1884 48 795.00000000 1142.00000000
1896 48 810.00000000 1150.50000000
1908 48 821.00000000 1150.50000000
1920 48 832.00000000 1142.00000000
1932 48 841.00000000 1138.00000000
1944 48 850.00000000 1138.00000000
1956 48 859.00000000 1138.00000000
1968 48 868.00000000 1138.00000000
1980 48 879.00000000 1138.00000000
1992 48 890.00000000 1138.00000000
2004 48 897.00000000 1136.00000000
2016 48 905.00000000 1134.00000000
1836 110 1268.50000000 1492.50000000
1848 110 1268.50000000 1492.50000000
1860 110 1268.50000000 1492.50000000
1872 110 1268.50000000 1492.50000000
1884 110 1268.50000000 1492.50000000
1896 110 1268.50000000 1488.50000000
1908 110 1268.50000000 1488.50000000
1920 110 1268.50000000 1488.50000000
1932 110 1268.50000000 1488.50000000
1944 110 1268.50000000 1488.50000000
1956 110 1268.50000000 1488.50000000
1968 110 1268.50000000 1488.50000000
1980 110 1265.00000000 1480.50000000
1992 110 1259.50000000 1468.50000000
2004 110 1256.00000000 1459.50000000
2016 110 1256.00000000 1447.50000000
2028 110 1257.00000000 1437.50000000
2040 110 1257.00000000 1428.50000000
2052 110 1258.00000000 1416.50000000
2064 110 1258.00000000 1408.50000000
1836 114 730.50000000 1080.50000000
1848 114 717.00000000 1080.50000000
1860 114 704.00000000 1078.50000000
1872 114 689.50000000 1078.50000000
1884 114 677.00000000 1078.50000000
1896 114 663.00000000 1078.50000000
1908 114 650.50000000 1078.50000000
1920 114 637.00000000 1076.50000000
1932 114 624.00000000 1076.50000000
1944 114 610.00000000 1076.50000000
1956 114 598.00000000 1076.50000000
1968 114 584.00000000 1076.50000000
1980 114 571.00000000 1076.50000000
1992 114 557.50000000 1076.50000000
2004 114 545.00000000 1076.50000000
2016 114 530.00000000 1076.50000000
2028 114 516.50000000 1076.50000000
2040 114 502.00000000 1078.50000000
2052 114 488.50000000 1078.50000000
2064 114 473.50000000 1080.50000000
1968 120 1074.50000000 975.50000000
1980 120 1062.00000000 975.50000000
1992 120 1049.50000000 975.50000000
2004 120 1035.50000000 966.50000000
2016 120 1021.50000000 966.50000000
2028 120 1006.50000000 966.50000000
2040 120 992.50000000 966.50000000
2052 120 978.50000000 968.50000000
2064 120 964.50000000 968.50000000
2076 120 950.00000000 968.50000000
2088 120 935.50000000 968.50000000
2100 120 921.00000000 971.00000000
2112 120 907.00000000 971.00000000
2124 120 893.00000000 971.00000000
2136 120 879.00000000 973.00000000
2148 120 863.50000000 973.00000000
2160 120 850.00000000 973.00000000
2172 120 835.00000000 973.00000000
2184 120 821.50000000 973.00000000
2196 120 809.00000000 973.00000000
2028 49 914.50000000 1132.00000000
2040 49 923.00000000 1132.00000000
2052 49 931.00000000 1130.00000000
2064 49 939.00000000 1128.00000000
2076 49 948.00000000 1125.50000000
2088 49 956.50000000 1123.50000000
2100 49 965.50000000 1121.50000000
2112 49 973.00000000 1119.50000000
2124 49 982.00000000 1119.50000000
2136 49 990.00000000 1117.50000000
2148 49 999.00000000 1115.50000000
2160 49 1007.50000000 1113.50000000
2172 49 1015.50000000 1111.50000000
2184 49 1018.50000000 1109.00000000
2196 49 1009.50000000 1105.00000000
2208 49 1000.00000000 1101.00000000
2220 49 992.50000000 1097.00000000
2232 49 983.50000000 1088.50000000
2244 49 974.50000000 1084.50000000
2256 49 967.50000000 1080.50000000
2076 111 1258.00000000 1398.00000000
2088 111 1258.50000000 1385.50000000
2100 111 1258.50000000 1377.50000000
2112 111 1259.50000000 1367.00000000
2124 111 1259.50000000 1356.50000000
2136 111 1260.50000000 1346.50000000
2148 111 1260.50000000 1336.00000000
2160 111 1261.50000000 1325.50000000
2172 111 1261.50000000 1315.50000000
2184 111 1263.50000000 1307.00000000
2196 111 1263.50000000 1303.00000000
2208 111 1263.50000000 1301.00000000
2220 111 1263.50000000 1299.00000000
2232 111 1263.50000000 1295.00000000
2244 111 1263.50000000 1290.50000000
2256 111 1263.50000000 1288.50000000
2268 111 1263.50000000 1284.50000000
2280 111 1263.50000000 1280.50000000
2292 111 1264.00000000 1276.00000000
2304 111 1264.00000000 1272.00000000
2076 115 459.50000000 1080.50000000
2088 115 445.50000000 1080.50000000
2100 115 431.50000000 1082.50000000
2112 115 417.50000000 1082.50000000
2124 115 402.50000000 1084.50000000
2136 115 388.50000000 1084.50000000
2148 115 374.50000000 1084.50000000
2160 115 360.00000000 1086.50000000
2172 115 346.50000000 1086.50000000
2184 115 332.00000000 1090.50000000
2196 115 321.00000000 1090.50000000
2208 115 308.00000000 1090.50000000
2220 115 295.50000000 1090.50000000
2232 115 284.50000000 1090.50000000
2244 115 271.50000000 1090.50000000
2256 115 259.00000000 1090.50000000
2268 115 248.00000000 1090.50000000
2280 115 235.50000000 1090.50000000
2292 115 224.50000000 1090.50000000
2304 115 211.50000000 1090.50000000
2208 121 796.00000000 973.00000000
2220 121 783.50000000 971.00000000
2232 121 770.50000000 969.00000000
2244 121 757.00000000 969.00000000
2256 121 744.00000000 967.00000000
2268 121 731.50000000 964.50000000
2280 121 719.00000000 964.50000000
2292 121 706.00000000 962.50000000
2304 121 693.00000000 962.50000000
2316 121 680.50000000 960.50000000
2328 121 667.00000000 958.50000000
2340 121 653.00000000 958.50000000
2352 121 640.50000000 954.50000000
2364 121 627.50000000 954.50000000
2376 121 615.00000000 954.50000000
2388 121 600.50000000 950.50000000
2400 121 587.50000000 950.50000000
2412 121 575.00000000 950.50000000
2424 121 560.50000000 946.50000000
2436 121 547.50000000 946.50000000
2268 50 958.50000000 1076.00000000
2280 50 949.00000000 1072.00000000
2292 50 940.00000000 1064.00000000
2304 50 932.50000000 1059.50000000
2316 50 923.50000000 1055.50000000
2328 50 914.50000000 1051.50000000
2340 50 905.50000000 1047.50000000
2352 50 896.50000000 1039.00000000
2364 50 883.50000000 1039.00000000
2376 50 870.50000000 1035.00000000
2388 50 858.00000000 1031.00000000
2400 50 845.50000000 1031.00000000
2412 50 832.50000000 1026.50000000
2424 50 819.50000000 1022.50000000
2436 50 807.00000000 1022.50000000
2448 50 794.50000000 1018.50000000
2460 50 783.50000000 1018.50000000
2472 50 772.50000000 1014.50000000
2484 50 763.50000000 1010.00000000
2496 50 752.50000000 1006.00000000
2376 128 144.00000000 389.50000000
2388 128 139.00000000 389.50000000
2400 128 133.00000000 389.50000000
2412 128 129.00000000 389.50000000
2424 128 123.50000000 391.50000000
2436 128 123.50000000 400.00000000
2448 128 121.50000000 412.00000000
2460 128 121.50000000 420.00000000
2472 128 121.50000000 428.50000000
2484 128 119.50000000 437.00000000
2496 128 119.50000000 449.00000000
2508 128 119.50000000 459.50000000
2520 128 120.50000000 472.00000000
2532 128 122.50000000 482.00000000
2544 128 123.50000000 495.00000000
2556 128 125.50000000 507.00000000
2568 128 126.50000000 517.00000000
2580 128 127.50000000 530.00000000
2592 128 127.50000000 540.00000000
2604 128 129.50000000 552.00000000
2448 122 535.00000000 946.50000000
2460 122 522.00000000 946.50000000
2472 122 509.50000000 946.50000000
2484 122 496.50000000 946.50000000
2496 122 484.00000000 946.50000000
2508 122 472.00000000 946.50000000
2520 122 461.00000000 948.50000000
2532 122 451.00000000 950.50000000
2544 122 440.00000000 952.50000000
2556 122 429.50000000 954.50000000
2568 122 418.50000000 954.50000000
2580 122 406.50000000 957.00000000
2592 122 391.50000000 957.00000000
2604 122 379.50000000 961.00000000
2616 122 366.50000000 961.00000000
2628 122 353.50000000 961.00000000
2640 122 340.50000000 961.00000000
2652 122 326.50000000 961.00000000
2664 122 313.50000000 961.00000000
2676 122 300.50000000 961.00000000
2448 124 20.50000000 1600.00000000
2460 124 25.50000000 1604.00000000
2472 124 35.50000000 1614.50000000
2484 124 45.00000000 1625.00000000
2496 124 54.50000000 1635.00000000
2508 124 63.50000000 1643.50000000
2520 124 73.50000000 1649.50000000
2532 124 82.50000000 1656.00000000
2544 124 92.50000000 1664.00000000
2556 124 102.50000000 1672.00000000
2568 124 111.50000000 1678.50000000
2580 124 121.50000000 1686.50000000
2592 124 131.00000000 1695.00000000
2604 124 140.00000000 1703.00000000
2616 124 149.00000000 1715.50000000
2628 124 158.00000000 1724.00000000
2640 124 167.00000000 1736.00000000
2652 124 174.00000000 1744.50000000
2664 124 183.00000000 1757.00000000
2676 124 192.50000000 1765.00000000
2448 126 39.50000000 1569.00000000
2460 126 44.00000000 1573.50000000
2472 126 51.50000000 1581.50000000
2484 126 58.50000000 1587.50000000
2496 126 66.00000000 1596.00000000
2508 126 75.00000000 1606.00000000
2520 126 85.00000000 1618.50000000
2532 126 95.50000000 1629.00000000
2544 126 105.50000000 1639.00000000
2556 126 114.50000000 1652.00000000
2568 126 124.50000000 1662.00000000
2580 126 134.00000000 1674.00000000
2592 126 143.50000000 1685.00000000
2604 126 152.50000000 1693.00000000
2616 126 161.50000000 1705.00000000
2628 126 170.50000000 1713.50000000
2640 126 180.00000000 1726.00000000
2652 126 189.00000000 1734.00000000
2664 126 198.00000000 1746.50000000
2676 126 207.00000000 1755.00000000
2460 130 55.00000000 744.50000000
2472 130 62.50000000 731.50000000
2484 130 69.50000000 719.50000000
2496 130 77.00000000 707.00000000
2508 130 80.50000000 692.50000000
2520 130 82.50000000 680.50000000
2532 130 83.50000000 665.50000000
2544 130 86.00000000 653.50000000
2556 130 87.00000000 639.00000000
2568 130 89.50000000 628.50000000
2580 130 90.50000000 614.00000000
2592 130 92.00000000 602.00000000
2604 130 94.00000000 589.50000000
2616 130 96.00000000 575.00000000
2628 130 97.00000000 562.50000000
2640 130 99.50000000 550.00000000
2652 130 100.50000000 538.00000000
2664 130 102.50000000 523.00000000
2676 130 104.50000000 511.00000000
2688 130 106.00000000 499.00000000
2508 51 744.50000000 1004.00000000
2520 51 737.00000000 1002.00000000
2532 51 729.00000000 1004.00000000
2544 51 720.50000000 1002.00000000
2556 51 713.00000000 1002.00000000
2568 51 705.00000000 1002.00000000
2580 51 696.00000000 1004.00000000
2592 51 685.00000000 1004.00000000
2604 51 674.00000000 1004.00000000
2616 51 663.00000000 1004.00000000
2628 51 652.00000000 1004.00000000
2640 51 641.00000000 1000.00000000
2652 51 630.50000000 1000.00000000
2664 51 619.50000000 1000.00000000
2676 51 608.50000000 1000.00000000
2688 51 598.00000000 996.00000000
2700 51 590.00000000 996.00000000
2712 51 579.50000000 996.00000000
2724 51 568.50000000 996.00000000
2736 51 557.50000000 996.00000000
2580 54 1294.50000000 1154.50000000
2592 54 1281.50000000 1146.50000000
2604 54 1272.00000000 1142.00000000
2616 54 1261.50000000 1138.00000000
2628 54 1252.00000000 1134.00000000
2640 54 1241.50000000 1130.00000000
2652 54 1230.50000000 1125.50000000
2664 54 1221.00000000 1121.50000000
2676 54 1210.50000000 1117.50000000
2688 54 1201.00000000 1113.50000000
2700 54 1190.50000000 1113.50000000
2712 54 1179.50000000 1105.00000000
2724 54 1169.50000000 1099.00000000
2736 54 1159.50000000 1092.50000000
2748 54 1148.50000000 1084.50000000
2760 54 1138.50000000 1078.00000000
2772 54 1127.50000000 1072.00000000
2784 54 1116.50000000 1066.00000000
2796 54 1106.50000000 1059.50000000
2808 54 1096.50000000 1053.50000000
2616 129 130.50000000 565.00000000
2628 129 130.50000000 575.00000000
2640 129 127.00000000 587.50000000
2652 129 125.50000000 595.50000000
2664 129 123.50000000 608.00000000
2676 129 119.50000000 620.50000000
2688 129 117.50000000 628.50000000
2700 129 116.00000000 641.00000000
2712 129 112.50000000 653.50000000
2724 129 110.50000000 661.50000000
2736 129 106.50000000 674.00000000
2748 129 101.50000000 682.00000000
2760 129 96.00000000 690.50000000
2772 129 88.50000000 699.00000000
2784 129 83.50000000 711.00000000
2796 129 77.50000000 719.50000000
2808 129 72.50000000 727.50000000
2820 129 66.50000000 740.00000000
2832 129 57.50000000 740.00000000
2844 129 48.50000000 740.00000000
2688 123 288.50000000 965.00000000
2700 123 275.50000000 969.00000000
2712 123 260.50000000 973.00000000
2724 123 248.00000000 973.00000000
2736 123 235.50000000 973.00000000
2748 123 220.50000000 969.00000000
2760 123 208.00000000 969.00000000
2772 123 195.50000000 965.00000000
2784 123 180.50000000 965.00000000
2796 123 168.00000000 961.00000000
2808 123 155.50000000 961.00000000
2820 123 142.50000000 961.00000000
2832 123 124.50000000 957.00000000
2844 123 106.00000000 957.00000000
2856 123 89.50000000 957.00000000
2868 123 75.00000000 957.00000000
2880 123 63.50000000 961.00000000
2892 123 50.50000000 965.00000000
2904 123 37.50000000 965.00000000
2916 123 26.00000000 969.00000000
2688 125 202.00000000 1777.50000000
2700 125 211.00000000 1785.50000000
2712 125 218.00000000 1798.00000000
2724 125 227.00000000 1806.50000000
2736 125 238.00000000 1818.50000000
2748 125 247.00000000 1827.00000000
2760 125 256.00000000 1839.50000000
2772 125 265.00000000 1847.50000000
2784 125 274.50000000 1856.00000000
2796 125 283.50000000 1868.00000000
2808 125 292.50000000 1878.50000000
2820 125 301.50000000 1891.00000000
2832 125 309.50000000 1901.00000000
2844 125 319.00000000 1911.50000000
2856 125 328.00000000 1922.00000000
2868 125 337.50000000 1930.00000000
2880 125 346.50000000 1938.00000000
2892 125 354.50000000 1944.50000000
2904 125 361.50000000 1950.50000000
2916 125 367.50000000 1956.50000000
2688 127 216.00000000 1767.00000000
2700 127 223.50000000 1775.00000000
2712 127 232.50000000 1788.00000000
2724 127 243.50000000 1796.00000000
2736 127 252.50000000 1804.00000000
2748 127 261.50000000 1817.00000000
2760 127 271.00000000 1825.00000000
2772 127 281.50000000 1833.00000000
2784 127 291.00000000 1841.00000000
2796 127 298.00000000 1854.00000000
2808 127 305.50000000 1866.00000000
2820 127 312.50000000 1878.50000000
2832 127 320.00000000 1887.00000000
2844 127 327.50000000 1899.00000000
2856 127 334.50000000 1907.00000000
2868 127 345.50000000 1907.00000000
2880 127 356.50000000 1911.50000000
2892 127 365.50000000 1916.00000000
2904 127 376.50000000 1930.00000000
2916 127 385.50000000 1944.50000000
2700 131 107.50000000 486.00000000
2712 131 107.50000000 470.00000000
2724 131 109.50000000 457.00000000
2736 131 111.50000000 445.00000000
2748 131 113.50000000 433.00000000
2760 131 115.00000000 420.00000000
2772 131 113.50000000 412.00000000
2784 131 111.50000000 404.00000000
2796 131 111.50000000 391.00000000
2808 131 111.50000000 375.00000000
2820 131 113.50000000 358.00000000
2832 131 113.50000000 342.00000000
2844 131 115.00000000 330.00000000
2856 131 117.00000000 313.00000000
2868 131 117.00000000 297.00000000
2880 131 118.50000000 280.00000000
2892 131 118.50000000 268.00000000
2904 131 120.50000000 251.00000000
2916 131 120.50000000 235.00000000
2928 131 122.50000000 218.00000000
2748 52 547.00000000 996.00000000
2760 52 536.00000000 996.00000000
2772 52 523.00000000 996.00000000
2784 52 512.00000000 996.00000000
2796 52 501.00000000 996.00000000
2808 52 490.00000000 996.00000000
2820 52 479.00000000 996.00000000
2832 52 468.00000000 996.00000000
2844 52 457.50000000 996.00000000
2856 52 446.50000000 996.00000000
2868 52 435.50000000 1000.00000000
2880 52 425.00000000 1000.00000000
2892 52 415.50000000 1000.00000000
2904 52 405.00000000 1000.00000000
2916 52 394.00000000 1000.00000000
2928 52 384.50000000 1000.00000000
2940 52 374.00000000 1000.00000000
2952 52 363.00000000 996.00000000
2964 52 350.00000000 996.00000000
2976 52 339.00000000 996.00000000
2820 55 1085.50000000 1045.00000000
2832 55 1075.50000000 1041.00000000
2844 55 1064.50000000 1033.00000000
2856 55 1053.50000000 1033.00000000
2868 55 1042.50000000 1029.00000000
2880 55 1032.00000000 1024.50000000
2892 55 1021.00000000 1020.50000000
2904 55 1010.00000000 1020.50000000
2916 55 997.50000000 1016.50000000
2928 55 986.50000000 1012.00000000
2940 55 975.50000000 1008.00000000
2952 55 964.50000000 1008.00000000
2964 55 953.50000000 1004.00000000
2976 55 942.50000000 1000.00000000
2988 55 931.50000000 991.50000000
3000 55 920.50000000 987.50000000
3012 55 908.00000000 983.50000000
3024 55 897.50000000 983.50000000
3036 55 886.50000000 983.50000000
3048 55 875.50000000 983.50000000
2988 53 326.00000000 996.00000000
3000 53 315.50000000 996.00000000
3012 53 304.50000000 994.00000000
3024 53 293.50000000 994.00000000
3036 53 283.50000000 994.00000000
3048 53 272.50000000 994.00000000
3060 53 262.50000000 994.00000000
3072 53 252.50000000 994.00000000
3084 53 242.50000000 994.00000000
3096 53 231.50000000 994.00000000
3108 53 221.50000000 994.00000000
3120 53 210.50000000 994.00000000
3132 53 201.50000000 994.00000000
3144 53 190.50000000 994.00000000
3156 53 180.50000000 994.00000000
3168 53 169.50000000 994.00000000
3180 53 158.50000000 996.00000000
3192 53 149.50000000 996.00000000
3204 53 138.50000000 996.00000000
3216 53 128.50000000 996.00000000
3060 56 864.50000000 983.50000000
3072 56 853.50000000 983.50000000
3084 56 842.50000000 983.50000000
3096 56 831.50000000 981.00000000
3108 56 820.50000000 981.00000000
3120 56 809.50000000 981.00000000
3132 56 798.50000000 981.00000000
3144 56 788.00000000 981.00000000
3156 56 777.00000000 981.00000000
3168 56 766.00000000 981.00000000
3180 56 755.50000000 979.00000000
3192 56 744.50000000 979.00000000
3204 56 733.50000000 979.00000000
3216 56 722.50000000 979.00000000
3228 56 711.50000000 979.00000000
3240 56 700.50000000 979.00000000
3252 56 689.50000000 979.00000000
3264 56 678.50000000 979.00000000
3276 56 667.50000000 977.00000000
3288 56 656.50000000 977.00000000
3084 0 1294.00000000 1890.50000000
3096 0 1294.00000000 1849.50000000
3108 0 1294.00000000 1804.50000000
3120 0 1294.00000000 1763.00000000
3132 0 1294.00000000 1721.50000000
3144 0 1294.00000000 1680.50000000
3156 0 1294.00000000 1639.50000000
3168 0 1294.00000000 1593.50000000
3180 0 1294.00000000 1552.50000000
3192 0 1294.00000000 1511.50000000
3204 0 1294.00000000 1470.50000000
3216 0 1294.00000000 1428.50000000
3228 0 1294.00000000 1383.50000000
3240 0 1294.00000000 1342.50000000
3252 0 1294.00000000 1301.00000000
3264 0 1294.00000000 1259.50000000
3276 0 1294.00000000 1214.50000000
3288 0 1277.50000000 1181.50000000
3300 0 1243.00000000 1156.50000000
3312 0 1219.50000000 1144.50000000
3300 57 646.00000000 977.00000000
3312 57 635.00000000 977.00000000
3324 57 624.00000000 977.00000000
3336 57 613.50000000 977.00000000
3348 57 602.50000000 977.00000000
3360 57 590.50000000 975.00000000
3372 57 579.50000000 975.00000000
3384 57 568.50000000 975.00000000
3396 57 557.50000000 975.00000000
3408 57 546.50000000 975.00000000
3420 57 535.50000000 975.00000000
3432 57 524.50000000 975.00000000
3444 57 513.50000000 973.00000000
3456 57 502.50000000 973.00000000
3468 57 492.50000000 973.00000000
3480 57 481.50000000 973.00000000
3492 57 470.50000000 973.00000000
3504 57 459.50000000 973.00000000
3516 57 448.50000000 973.00000000
3528 57 437.50000000 973.00000000
3372 12 1276.00000000 1025.00000000
3384 12 1267.00000000 1025.00000000
3396 12 1258.00000000 1025.00000000
3408 12 1247.00000000 1025.00000000
3420 12 1238.00000000 1025.00000000
3432 12 1229.00000000 1025.00000000
3444 12 1218.00000000 1029.00000000
3456 12 1209.00000000 1029.00000000
3468 12 1199.00000000 1029.00000000
3480 12 1188.50000000 1029.00000000
3492 12 1179.00000000 1029.00000000
3504 12 1169.50000000 1031.00000000
3516 12 1158.50000000 1031.00000000
3528 12 1147.50000000 1031.00000000
3540 12 1136.50000000 1033.00000000
3552 12 1126.00000000 1033.00000000
3564 12 1115.50000000 1033.00000000
3576 12 1105.00000000 1035.00000000
3588 12 1094.00000000 1035.00000000
3600 12 1083.00000000 1035.00000000
3396 7 1266.00000000 997.50000000
3408 7 1253.00000000 993.50000000
3420 7 1242.50000000 993.50000000
3432 7 1231.50000000 989.50000000
3444 7 1220.50000000 989.50000000
3456 7 1207.50000000 985.50000000
3468 7 1196.50000000 985.50000000
3480 7 1185.50000000 981.50000000
3492 7 1175.00000000 981.50000000
3504 7 1164.00000000 981.50000000
3516 7 1153.00000000 983.50000000
3528 7 1142.00000000 985.50000000
3540 7 1131.00000000 987.50000000
3552 7 1121.50000000 989.50000000
3564 7 1110.50000000 994.00000000
3576 7 1099.50000000 996.00000000
3588 7 1088.50000000 996.00000000
3600 7 1078.50000000 998.00000000
3612 7 1067.50000000 1000.00000000
3624 7 1056.50000000 1002.00000000
3612 13 1072.00000000 1035.00000000
3624 13 1061.00000000 1035.00000000
3636 13 1050.50000000 1035.00000000
3648 13 1039.50000000 1037.00000000
3660 13 1028.50000000 1037.00000000
3672 13 1018.50000000 1037.00000000
3684 13 1007.50000000 1039.00000000
3696 13 996.50000000 1039.00000000
3708 13 985.50000000 1039.00000000
3720 13 975.50000000 1041.50000000
3732 13 964.50000000 1041.50000000
3744 13 953.50000000 1041.50000000
3756 13 942.50000000 1041.50000000
3768 13 931.50000000 1041.50000000
3780 13 920.50000000 1041.50000000
3792 13 909.50000000 1041.50000000
3804 13 900.50000000 1041.50000000
3816 13 889.50000000 1041.50000000
3828 13 880.00000000 1041.50000000
3840 13 869.50000000 1041.50000000
3636 8 1045.50000000 1006.00000000
3648 8 1035.50000000 1008.00000000
3660 8 1024.50000000 1010.00000000
3672 8 1013.50000000 1012.50000000
3684 8 1002.50000000 1014.50000000
3696 8 993.50000000 1014.50000000
3708 8 982.50000000 1014.50000000
3720 8 971.50000000 1014.50000000
3732 8 962.50000000 1014.50000000
3744 8 951.50000000 1014.50000000
3756 8 940.50000000 1014.50000000
3768 8 931.50000000 1014.50000000
3780 8 920.50000000 1014.50000000
3792 8 910.00000000 1014.50000000
3804 8 900.50000000 1012.50000000
3816 8 890.00000000 1012.50000000
3828 8 880.50000000 1012.50000000
3840 8 869.50000000 1012.50000000
3852 8 859.00000000 1012.50000000
3864 8 849.50000000 1012.50000000
3852 14 860.00000000 1039.00000000
3864 14 849.00000000 1039.00000000
3876 14 839.50000000 1037.00000000
3888 14 829.00000000 1035.00000000
3900 14 819.50000000 1035.00000000
3912 14 809.00000000 1035.00000000
3924 14 798.00000000 1033.00000000
3936 14 788.50000000 1030.50000000
3948 14 778.00000000 1030.50000000
3960 14 768.00000000 1030.50000000
3972 14 758.00000000 1028.50000000
3984 14 748.00000000 1028.50000000
3996 14 737.00000000 1028.50000000
4008 14 722.50000000 1028.50000000
4020 14 705.00000000 1031.00000000
4032 14 688.50000000 1033.00000000
4044 14 671.50000000 1035.00000000
4056 14 657.50000000 1035.00000000
4068 14 650.50000000 1035.00000000
4080 14 641.50000000 1031.00000000
3876 9 839.00000000 1012.50000000
3888 9 828.00000000 1012.50000000
3900 9 818.50000000 1010.00000000
3912 9 808.00000000 1010.00000000
3924 9 797.00000000 1010.00000000
3936 9 788.00000000 1010.00000000
3948 9 777.00000000 1010.00000000
3960 9 766.00000000 1010.00000000
3972 9 757.00000000 1010.00000000
3984 9 746.00000000 1010.00000000
3996 9 735.50000000 1010.00000000
4008 9 724.00000000 1004.00000000
4020 9 712.00000000 1000.00000000
4032 9 699.50000000 996.00000000
4044 9 687.50000000 992.00000000
4056 9 675.00000000 985.00000000
4068 9 663.50000000 983.00000000
4080 9 653.50000000 983.00000000
4092 9 642.50000000 983.00000000
4104 9 631.50000000 983.00000000
3924 17 30.50000000 1088.50000000
3936 17 43.00000000 1088.50000000
3948 17 54.00000000 1088.50000000
3960 17 67.00000000 1088.50000000
3972 17 78.00000000 1088.50000000
3984 17 90.50000000 1088.50000000
3996 17 101.50000000 1088.50000000
4008 17 110.50000000 1086.50000000
4020 17 120.00000000 1080.50000000
4032 17 127.00000000 1076.00000000
4044 17 135.00000000 1070.00000000
4056 17 145.50000000 1070.00000000
4068 17 159.50000000 1074.00000000
4080 17 172.50000000 1074.00000000
4092 17 185.50000000 1078.00000000
4104 17 199.50000000 1082.00000000
4116 17 212.50000000 1082.00000000
4128 17 232.50000000 1086.50000000
4140 17 256.50000000 1091.00000000
4152 17 278.50000000 1091.00000000
3924 22 29.50000000 1115.50000000
3936 22 40.50000000 1117.50000000
3948 22 51.50000000 1119.50000000
3960 22 61.50000000 1125.50000000
3972 22 72.50000000 1128.00000000
3984 22 83.00000000 1132.00000000
3996 22 95.00000000 1132.00000000
4008 22 107.00000000 1132.00000000
4020 22 117.00000000 1132.00000000
4032 22 126.00000000 1132.00000000
4044 22 136.00000000 1132.00000000
4056 22 146.00000000 1132.00000000
4068 22 156.50000000 1132.00000000
4080 22 166.50000000 1132.00000000
4092 22 175.00000000 1132.00000000
4104 22 185.00000000 1134.00000000
4116 22 196.00000000 1134.00000000
4128 22 207.00000000 1134.00000000
4140 22 218.00000000 1134.00000000
4152 22 227.00000000 1134.00000000
4092 15 634.00000000 1031.00000000
4104 15 623.00000000 1031.00000000
4116 15 610.50000000 1031.00000000
4128 15 597.50000000 1031.00000000
4140 15 585.00000000 1035.00000000
4152 15 570.50000000 1031.00000000
4164 15 555.50000000 1031.00000000
4176 15 541.50000000 1031.00000000
4188 15 530.50000000 1027.00000000
4200 15 521.00000000 1022.50000000
4212 15 515.50000000 1022.50000000
4224 15 510.50000000 1022.50000000
4236 15 494.00000000 1022.50000000
4248 15 475.50000000 1022.50000000
4260 15 472.00000000 1022.50000000
4272 15 450.00000000 1018.50000000
4284 15 446.50000000 1018.50000000
4296 15 441.00000000 1022.50000000
4308 15 432.00000000 1022.50000000
4320 15 419.50000000 1022.50000000
4116 10 620.50000000 983.00000000
4128 10 607.50000000 983.00000000
4140 10 595.00000000 983.00000000
4152 10 580.50000000 983.00000000
4164 10 567.50000000 979.00000000
4176 10 558.50000000 979.00000000
4188 10 549.50000000 975.00000000
4200 10 540.50000000 975.00000000
4212 10 525.50000000 975.00000000
4224 10 514.50000000 975.00000000
4236 10 503.50000000 979.00000000
4248 10 493.00000000 975.00000000
4260 10 482.00000000 971.00000000
4272 10 474.50000000 971.00000000
4284 10 467.50000000 971.00000000
4296 10 460.50000000 971.00000000
4308 10 452.50000000 975.00000000
4320 10 445.50000000 975.00000000
4332 10 438.50000000 975.00000000
4344 10 431.00000000 975.00000000
4164 18 296.50000000 1091.00000000
4176 18 304.50000000 1091.00000000
4188 18 313.50000000 1091.00000000
4200 18 323.00000000 1091.00000000
4212 18 331.00000000 1088.50000000
4224 18 340.00000000 1088.50000000
4236 18 349.00000000 1086.50000000
4248 18 358.00000000 1086.50000000
4260 18 366.50000000 1084.50000000
4272 18 375.50000000 1084.50000000
4284 18 384.50000000 1084.50000000
4296 18 393.00000000 1084.50000000
4308 18 403.50000000 1084.50000000
4320 18 418.50000000 1084.50000000
4332 18 431.00000000 1088.50000000
4344 18 445.50000000 1088.50000000
4356 18 458.50000000 1088.50000000
4368 18 469.50000000 1088.50000000
4380 18 480.00000000 1088.50000000
4392 18 491.00000000 1088.50000000
4164 23 238.00000000 1134.00000000
4176 23 249.00000000 1130.00000000
4188 23 262.00000000 1130.00000000
4200 23 276.00000000 1130.00000000
4212 23 287.00000000 1130.00000000
4224 23 298.00000000 1130.00000000
4236 23 309.00000000 1130.00000000
4248 23 322.00000000 1134.00000000
4260 23 333.00000000 1134.00000000
4272 23 344.00000000 1130.00000000
4284 23 354.50000000 1130.00000000
4296 23 367.00000000 1130.00000000
4308 23 378.00000000 1130.00000000
4320 23 382.00000000 1130.00000000
4332 23 382.00000000 1130.00000000
4344 23 382.00000000 1130.00000000
4356 23 382.00000000 1130.00000000
4368 23 404.00000000 1134.00000000
4380 23 436.50000000 1138.00000000
4392 23 467.50000000 1146.00000000
4332 16 406.50000000 1022.50000000
4344 16 395.50000000 1022.50000000
4356 16 386.50000000 1022.50000000
4368 16 377.50000000 1022.50000000
4380 16 368.50000000 1027.00000000
4392 16 359.00000000 1022.50000000
4404 16 350.00000000 1022.50000000
4416 16 341.00000000 1022.50000000
4428 16 328.00000000 1022.50000000
4440 16 313.50000000 1027.00000000
4452 16 301.00000000 1031.00000000
4464 16 301.00000000 1031.00000000
4476 16 301.00000000 1031.00000000
4488 16 301.00000000 1031.00000000
4500 16 270.00000000 1022.50000000
4512 16 258.00000000 1018.50000000
4524 16 246.50000000 1018.50000000
4536 16 235.50000000 1018.50000000
4548 16 224.50000000 1016.00000000
4560 16 213.50000000 1014.00000000
4356 11 420.50000000 975.00000000
4368 11 409.50000000 975.00000000
4380 11 396.50000000 975.00000000
4392 11 385.50000000 971.00000000
4404 11 372.50000000 971.00000000
4416 11 361.50000000 971.00000000
4428 11 351.00000000 971.00000000
4440 11 340.00000000 971.00000000
4452 11 329.00000000 971.00000000
4464 11 318.50000000 975.00000000
4476 11 307.50000000 975.00000000
4488 11 296.50000000 975.00000000
4500 11 280.00000000 975.00000000
4512 11 269.00000000 973.00000000
4524 11 259.00000000 973.00000000
4536 11 249.00000000 973.00000000
4548 11 238.00000000 973.00000000
4560 11 228.00000000 973.00000000
4572 11 218.00000000 973.00000000
4584 11 208.00000000 973.00000000
4404 19 502.00000000 1088.50000000
4416 19 513.00000000 1088.50000000
4428 19 525.50000000 1088.50000000
4440 19 538.50000000 1088.50000000
4452 19 551.00000000 1093.00000000
4464 19 564.00000000 1093.00000000
4476 19 576.50000000 1097.00000000
4488 19 589.50000000 1097.00000000
4500 19 602.00000000 1101.00000000
4512 19 613.00000000 1097.00000000
4524 19 625.00000000 1097.00000000
4536 19 636.00000000 1097.00000000
4548 19 647.50000000 1097.00000000
4560 19 659.50000000 1097.00000000
4572 19 671.50000000 1097.00000000
4584 19 682.50000000 1097.00000000
4596 19 694.50000000 1097.00000000
4608 19 706.00000000 1097.00000000
4620 19 717.50000000 1097.00000000
4632 19 728.50000000 1097.00000000
4404 24 478.50000000 1146.00000000
4416 24 491.00000000 1146.00000000
4428 24 502.00000000 1146.00000000
4440 24 515.00000000 1146.00000000
4452 24 526.00000000 1146.00000000
4464 24 538.50000000 1146.00000000
4476 24 553.00000000 1146.00000000
4488 24 567.50000000 1146.00000000
4500 24 582.00000000 1146.00000000
4512 24 593.00000000 1144.00000000
4524 24 605.00000000 1144.00000000
4536 24 617.00000000 1144.00000000
4548 24 628.50000000 1144.00000000
4560 24 641.50000000 1144.00000000
4572 24 652.00000000 1144.00000000
4584 24 665.00000000 1144.00000000
4596 24 676.00000000 1144.00000000
4608 24 688.50000000 1144.00000000
4620 24 700.50000000 1144.00000000
4632 24 712.50000000 1144.00000000
4644 20 740.50000000 1097.00000000
4656 20 752.50000000 1097.00000000
4668 20 764.50000000 1097.00000000
4680 20 775.50000000 1097.00000000
4692 20 787.00000000 1097.00000000
4704 20 798.50000000 1097.00000000
4716 20 810.50000000 1097.00000000
4728 20 822.50000000 1097.00000000
4740 20 833.50000000 1097.00000000
4752 20 846.00000000 1097.00000000
4764 20 857.00000000 1097.00000000
4776 20 869.00000000 1097.00000000
4788 20 880.00000000 1097.00000000
4800 20 893.00000000 1097.00000000
4812 20 903.50000000 1097.00000000
4824 20 915.00000000 1097.00000000
4836 20 926.00000000 1097.00000000
4848 20 938.00000000 1097.00000000
4860 20 950.00000000 1097.00000000
4872 20 962.00000000 1097.00000000
4644 25 724.50000000 1144.00000000
4656 25 736.00000000 1144.00000000
4668 25 748.00000000 1144.00000000
4680 25 760.50000000 1144.00000000
4692 25 771.50000000 1144.00000000
4704 25 784.50000000 1144.00000000
4716 25 795.50000000 1144.00000000
4728 25 808.00000000 1144.00000000
4740 25 819.50000000 1144.00000000
4752 25 831.50000000 1142.00000000
4764 25 843.50000000 1142.00000000
4776 25 855.50000000 1142.00000000
4788 25 867.50000000 1142.00000000
4800 25 879.50000000 1142.00000000
4812 25 890.50000000 1142.00000000
4824 25 902.50000000 1142.00000000
4836 25 914.50000000 1142.00000000
4848 25 926.50000000 1142.00000000
4860 25 939.50000000 1142.00000000
4872 25 949.50000000 1142.00000000
4884 21 973.00000000 1097.00000000
4896 21 984.50000000 1097.00000000
4908 21 996.00000000 1097.00000000
4920 21 1008.00000000 1097.00000000
4932 21 1020.00000000 1097.00000000
4944 21 1031.00000000 1097.00000000
4956 21 1044.00000000 1097.00000000
4968 21 1054.50000000 1097.00000000
4980 21 1066.50000000 1097.00000000
4992 21 1077.50000000 1097.00000000
5004 21 1089.50000000 1097.00000000
5016 21 1100.00000000 1099.00000000
5028 21 1111.00000000 1101.00000000
5040 21 1123.00000000 1103.00000000
5052 21 1134.00000000 1107.00000000
5064 21 1145.00000000 1111.00000000
5076 21 1157.00000000 1113.50000000
5088 21 1168.00000000 1113.50000000
5100 21 1180.00000000 1113.50000000
5112 21 1193.00000000 1113.50000000
4884 26 962.50000000 1142.00000000
4896 26 973.50000000 1142.00000000
4908 26 986.50000000 1142.00000000
4920 26 998.50000000 1142.00000000
4932 26 1010.50000000 1142.00000000
4944 26 1021.50000000 1142.00000000
4956 26 1033.50000000 1142.00000000
4968 26 1045.50000000 1142.00000000
4980 26 1058.50000000 1142.00000000
4992 26 1069.50000000 1142.00000000
5004 26 1082.00000000 1140.00000000
5016 26 1094.50000000 1138.00000000
5028 26 1108.50000000 1136.00000000
5040 26 1120.00000000 1134.00000000
5052 26 1133.00000000 1134.00000000
5064 26 1142.00000000 1134.00000000
5076 26 1151.00000000 1134.00000000
5088 26 1162.00000000 1134.00000000
5100 26 1175.00000000 1134.00000000
5112 26 1187.50000000 1134.00000000
5064 34 31.50000000 748.00000000
5076 34 40.50000000 744.00000000
5088 34 49.50000000 740.00000000
5100 34 57.00000000 736.00000000
5112 34 66.00000000 732.00000000
5124 34 73.00000000 727.50000000
5136 34 80.50000000 719.50000000
5148 34 86.00000000 711.00000000
5160 34 93.50000000 703.00000000
5172 34 98.50000000 690.50000000
5184 34 102.50000000 682.00000000
5196 34 102.50000000 678.00000000
5208 34 102.50000000 670.00000000
5220 34 104.00000000 661.50000000
5232 34 104.00000000 653.50000000
5244 34 106.00000000 645.00000000
5256 34 106.00000000 633.00000000
5268 34 108.00000000 620.50000000
5280 34 109.50000000 604.00000000
5292 34 111.50000000 591.50000000
5196 27 20.50000000 1115.50000000
5208 27 35.00000000 1115.50000000
5220 27 48.00000000 1115.50000000
5232 27 62.00000000 1115.50000000
5244 27 77.00000000 1115.50000000
5256 27 90.00000000 1115.50000000
5268 27 104.00000000 1115.50000000
5280 27 119.00000000 1119.50000000
5292 27 137.00000000 1119.50000000
5304 27 153.00000000 1119.50000000
5316 27 170.00000000 1119.50000000
5328 27 188.00000000 1119.50000000
5340 27 204.00000000 1119.50000000
5352 27 221.00000000 1119.50000000
5364 27 237.00000000 1119.50000000
5376 27 252.00000000 1123.50000000
5388 27 268.00000000 1123.50000000
5400 27 283.00000000 1128.00000000
5412 27 299.00000000 1128.00000000
5424 27 315.00000000 1132.00000000
5304 35 113.50000000 579.00000000
5316 35 115.00000000 567.00000000
5328 35 115.00000000 554.50000000
5340 35 115.00000000 546.00000000
5352 35 117.00000000 534.00000000
5364 35 117.00000000 521.50000000
5376 35 117.00000000 513.00000000
5388 35 117.00000000 501.00000000
5400 35 115.00000000 492.50000000
5412 35 113.50000000 480.00000000
5424 35 111.50000000 468.00000000
5436 35 109.50000000 459.50000000
5448 35 109.50000000 447.00000000
5460 35 109.50000000 435.00000000
5472 35 109.50000000 422.50000000
5484 35 109.50000000 410.00000000
5496 35 109.50000000 393.50000000
5508 35 109.50000000 385.00000000
5520 35 110.50000000 377.00000000
5532 35 111.50000000 373.00000000
5436 28 330.00000000 1132.00000000
5448 28 346.00000000 1132.00000000
5460 28 363.00000000 1132.00000000
5472 28 377.00000000 1132.00000000
5484 28 394.00000000 1132.00000000
5496 28 410.00000000 1132.00000000
5508 28 424.00000000 1128.00000000
5520 28 438.50000000 1125.50000000
5532 28 452.50000000 1121.50000000
5544 28 467.50000000 1119.50000000
5556 28 482.00000000 1117.50000000
5568 28 497.00000000 1113.50000000
5580 28 510.00000000 1111.50000000
5592 28 524.50000000 1107.50000000
5604 28 539.50000000 1105.50000000
5616 28 554.00000000 1100.50000000
5628 28 568.50000000 1098.50000000
5640 28 584.00000000 1098.50000000
5652 28 597.00000000 1098.50000000
5664 28 611.00000000 1098.50000000
5544 36 112.50000000 367.00000000
5556 36 113.50000000 360.50000000
5568 36 115.00000000 354.00000000
5580 36 116.00000000 350.00000000
5592 36 118.00000000 342.00000000
5604 36 118.00000000 325.50000000
5616 36 118.00000000 309.00000000
5628 36 118.00000000 292.50000000
5640 36 116.00000000 280.00000000
5652 36 116.00000000 263.50000000
5664 36 116.00000000 247.00000000
5676 36 116.00000000 235.00000000
5688 36 116.00000000 226.50000000
5700 36 116.00000000 214.00000000
5712 36 116.00000000 202.00000000
5724 36 116.00000000 193.50000000
5736 36 116.00000000 181.00000000
5748 36 116.00000000 169.00000000
5760 36 116.00000000 156.00000000
5772 36 116.00000000 144.00000000
5676 29 626.00000000 1098.50000000
5688 29 640.00000000 1103.00000000
5700 29 655.00000000 1103.00000000
5712 29 670.00000000 1103.00000000
5724 29 684.00000000 1107.50000000
5736 29 699.00000000 1107.50000000
5748 29 713.00000000 1107.50000000
5760 29 730.00000000 1111.50000000
5772 29 744.00000000 1111.50000000
5784 29 761.00000000 1115.50000000
5796 29 777.00000000 1115.50000000
5808 29 792.00000000 1117.50000000
5820 29 808.00000000 1119.50000000
5832 29 824.00000000 1121.50000000
5844 29 839.00000000 1121.50000000
5856 29 855.00000000 1125.50000000
5868 29 870.00000000 1125.50000000
5880 29 886.00000000 1129.50000000
5892 29 901.00000000 1129.50000000
5904 29 917.00000000 1134.00000000
5916 30 934.00000000 1134.00000000
5928 30 948.00000000 1134.00000000
5940 30 964.50000000 1134.00000000
5952 30 979.00000000 1134.00000000
5964 30 994.00000000 1134.00000000
5976 30 1010.00000000 1129.50000000
5988 30 1025.00000000 1129.50000000
6000 30 1041.00000000 1129.50000000
6012 30 1057.50000000 1129.50000000
6024 30 1073.50000000 1129.50000000
6036 30 1090.50000000 1129.50000000
6048 30 1107.50000000 1129.50000000
6060 30 1124.00000000 1129.50000000
6072 30 1140.00000000 1129.50000000
6084 30 1158.50000000 1129.50000000
6096 30 1174.50000000 1129.50000000
6108 30 1191.00000000 1129.50000000
6120 30 1209.00000000 1129.50000000
6132 30 1225.00000000 1129.50000000
6144 30 1241.50000000 1129.50000000
6276 31 1294.50000000 1845.50000000
6288 31 1294.50000000 1837.00000000
6300 31 1294.50000000 1825.00000000
6312 31 1294.50000000 1812.50000000
6324 31 1294.50000000 1804.00000000
6336 31 1294.50000000 1792.00000000
6348 31 1294.50000000 1779.50000000
6360 31 1295.00000000 1771.00000000
6372 31 1295.00000000 1759.00000000
6384 31 1295.00000000 1746.50000000
6396 31 1295.00000000 1738.00000000
6408 31 1295.00000000 1726.00000000
6420 31 1295.00000000 1713.50000000
6432 31 1295.00000000 1705.00000000
6444 31 1295.00000000 1693.00000000
6456 31 1296.00000000 1680.50000000
6468 31 1296.00000000 1672.00000000
6480 31 1296.00000000 1660.00000000
6492 31 1296.00000000 1647.50000000
6504 31 1296.00000000 1639.00000000
6480 37 10.50000000 1536.00000000
6492 37 16.00000000 1540.00000000
6504 37 23.00000000 1544.50000000
6516 37 30.50000000 1555.00000000
6528 37 38.50000000 1563.00000000
6540 37 46.00000000 1571.00000000
6552 37 54.00000000 1579.50000000
6564 37 61.50000000 1590.00000000
6576 37 68.50000000 1598.00000000
6588 37 77.00000000 1606.00000000
6600 37 84.50000000 1614.50000000
6612 37 92.50000000 1625.00000000
6624 37 100.50000000 1631.00000000
6636 37 107.50000000 1639.00000000
6648 37 116.00000000 1647.50000000
6660 37 123.50000000 1658.00000000
6672 37 131.50000000 1666.00000000
6684 37 138.50000000 1674.00000000
6696 37 146.50000000 1678.50000000
6708 37 155.50000000 1687.00000000
6720 38 162.50000000 1691.00000000
6732 38 171.50000000 1695.00000000
6744 38 178.50000000 1699.00000000
6756 38 187.50000000 1707.00000000
6768 38 195.50000000 1711.50000000
6780 38 204.50000000 1715.50000000
6792 38 211.50000000 1724.00000000
6804 38 220.50000000 1736.00000000
6816 38 229.50000000 1748.50000000
6828 38 238.50000000 1757.00000000
6840 38 248.50000000 1769.00000000
6852 38 255.50000000 1781.50000000
6864 38 264.50000000 1794.00000000
6876 38 273.50000000 1806.00000000
6888 38 282.50000000 1814.50000000
6900 38 291.50000000 1827.00000000
6912 38 299.50000000 1839.00000000
6924 38 308.50000000 1847.50000000
6936 38 317.50000000 1856.00000000
6948 38 324.50000000 1860.00000000
7500 39 337.50000000 694.50000000
7512 39 337.50000000 694.50000000
7524 39 337.50000000 694.50000000
7536 39 337.50000000 694.50000000
7548 39 337.50000000 694.50000000
7560 39 337.50000000 694.50000000
7572 39 337.50000000 694.50000000
7584 39 337.50000000 694.50000000
7596 39 337.50000000 694.50000000
7608 39 337.50000000 694.50000000
7620 39 337.50000000 694.50000000
7632 39 337.50000000 694.50000000
7644 39 337.50000000 694.50000000
7656 39 337.50000000 694.50000000
7668 39 337.50000000 694.50000000
7680 39 337.50000000 694.50000000
7692 39 337.50000000 694.50000000
7704 39 337.50000000 694.50000000
7716 39 337.50000000 694.50000000
7728 39 337.50000000 694.50000000
7500 41 38.00000000 707.00000000
7512 41 38.00000000 707.00000000
7524 41 38.00000000 707.00000000
7536 41 38.00000000 707.00000000
7548 41 38.00000000 707.00000000
7560 41 38.00000000 707.00000000
7572 41 38.00000000 707.00000000
7584 41 38.00000000 707.00000000
7596 41 38.00000000 707.00000000
7608 41 38.00000000 707.00000000
7620 41 38.00000000 707.00000000
7632 41 38.00000000 707.00000000
7644 41 38.00000000 707.00000000
7656 41 38.00000000 707.00000000
7668 41 38.00000000 707.00000000
7680 41 38.00000000 707.00000000
7692 41 38.00000000 707.00000000
7704 41 38.00000000 707.00000000
7716 41 38.00000000 707.00000000
7728 41 38.00000000 707.00000000
7740 40 337.50000000 694.50000000
7752 40 337.50000000 694.50000000
7764 40 337.50000000 694.50000000
7776 40 337.50000000 694.50000000
7788 40 337.50000000 694.50000000
7800 40 337.50000000 694.50000000
7812 40 337.50000000 694.50000000
7824 40 337.50000000 694.50000000
7836 40 337.50000000 694.50000000
7848 40 337.50000000 694.50000000
7860 40 337.50000000 694.50000000
7872 40 337.50000000 694.50000000
7884 40 337.50000000 694.50000000
7896 40 337.50000000 694.50000000
7908 40 337.50000000 694.50000000
7920 40 337.50000000 694.50000000
7932 40 337.50000000 694.50000000
7944 40 337.50000000 694.50000000
7956 40 337.50000000 694.50000000
7968 40 337.50000000 694.50000000
7740 42 38.00000000 707.00000000
7752 42 38.00000000 707.00000000
7764 42 38.00000000 707.00000000
7776 42 38.00000000 707.00000000
7788 42 38.00000000 707.00000000
7800 42 38.00000000 707.00000000
7812 42 38.00000000 707.00000000
7824 42 38.00000000 707.00000000
7836 42 38.00000000 707.00000000
7848 42 38.00000000 707.00000000
7860 42 38.00000000 707.00000000
7872 42 38.00000000 707.00000000
7884 42 38.00000000 707.00000000
7896 42 38.00000000 707.00000000
7908 42 38.00000000 707.00000000
7920 42 38.00000000 707.00000000
7932 42 38.00000000 707.00000000
7944 42 38.00000000 707.00000000
7956 42 38.00000000 707.00000000
7968 42 38.00000000 707.00000000
7908 43 361.00000000 1932.00000000
7920 43 352.00000000 1921.50000000
7932 43 342.00000000 1911.50000000
7944 43 332.00000000 1903.50000000
7956 43 323.00000000 1893.00000000
7968 43 314.00000000 1884.50000000
7980 43 304.00000000 1872.50000000
7992 43 294.50000000 1864.00000000
8004 43 285.00000000 1855.50000000
8016 43 279.00000000 1847.50000000
8028 43 272.00000000 1841.50000000
8040 43 264.50000000 1831.00000000
8052 43 257.00000000 1823.00000000
8064 43 250.50000000 1814.50000000
8076 43 242.50000000 1808.50000000
8088 43 236.50000000 1800.00000000
8100 43 228.50000000 1792.00000000
8112 43 222.50000000 1786.00000000
8124 43 214.50000000 1775.00000000
8136 43 208.00000000 1767.00000000
8076 132 1297.00000000 1022.50000000
8088 132 1283.00000000 995.50000000
8100 132 1276.00000000 995.50000000
8112 132 1270.00000000 991.50000000
8124 132 1263.00000000 991.50000000
8136 132 1258.00000000 991.50000000
8148 132 1256.00000000 991.50000000
8160 132 1239.50000000 987.50000000
8172 132 1221.00000000 987.50000000
8184 132 1201.00000000 983.50000000
8196 132 1181.00000000 983.50000000
8208 132 1161.00000000 979.50000000
8220 132 1141.00000000 979.50000000
8232 132 1123.00000000 979.50000000
8244 132 1116.00000000 979.50000000
8256 132 1107.00000000 979.50000000
8268 132 1097.00000000 983.50000000
8280 132 1090.00000000 983.50000000
8292 132 1081.00000000 983.50000000
8304 132 1068.00000000 983.50000000
8148 44 199.00000000 1759.00000000
8160 44 190.00000000 1751.00000000
8172 44 180.50000000 1738.00000000
8184 44 171.50000000 1730.00000000
8196 44 162.50000000 1722.00000000
8208 44 153.50000000 1709.00000000
8220 44 144.00000000 1701.00000000
8232 44 135.00000000 1693.00000000
8244 44 126.00000000 1685.00000000
8256 44 115.00000000 1672.00000000
8268 44 106.00000000 1664.00000000
8280 44 97.00000000 1652.00000000
8292 44 88.00000000 1643.00000000
8304 44 80.50000000 1631.00000000
8316 44 71.50000000 1623.00000000
8328 44 62.50000000 1610.00000000
8340 44 53.00000000 1602.00000000
8352 44 44.00000000 1590.00000000
8364 44 35.00000000 1581.50000000
8376 44 28.00000000 1569.00000000
8316 133 1057.00000000 979.50000000
8328 133 1045.00000000 979.50000000
8340 133 1034.00000000 975.00000000
8352 133 1021.00000000 971.00000000
8364 133 1008.00000000 971.00000000
8376 133 995.50000000 971.00000000
8388 133 983.00000000 971.00000000
8400 133 972.00000000 971.00000000
8412 133 959.00000000 971.00000000
8424 133 946.00000000 971.00000000
8436 133 934.00000000 971.00000000
8448 133 921.00000000 971.00000000
8460 133 908.00000000 971.00000000
8472 133 895.00000000 971.00000000
8484 133 884.00000000 971.00000000
8496 133 872.00000000 971.00000000
8508 133 859.00000000 971.00000000
8520 133 847.00000000 971.00000000
8532 133 834.50000000 971.00000000
8544 133 822.50000000 971.00000000
8556 134 809.50000000 971.00000000
8568 134 798.00000000 971.00000000
8580 134 785.00000000 971.00000000
8592 134 773.00000000 971.00000000
8604 134 760.00000000 967.00000000
8616 134 749.00000000 967.00000000
8628 134 736.00000000 967.00000000
8640 134 723.00000000 967.00000000
8652 134 712.00000000 967.00000000
8664 134 699.50000000 967.00000000
8676 134 687.00000000 967.00000000
8688 134 676.00000000 967.00000000
8700 134 663.00000000 967.00000000
8712 134 650.50000000 967.00000000
8724 134 639.50000000 967.00000000
8736 134 627.00000000 967.00000000
8748 134 614.00000000 967.00000000
8760 134 603.00000000 967.00000000
8772 134 590.00000000 962.50000000
8784 134 579.50000000 962.50000000
8796 135 568.50000000 962.50000000
8808 135 557.50000000 962.50000000
8820 135 545.00000000 962.50000000
8832 135 534.00000000 962.50000000
8844 135 523.00000000 962.50000000
8856 135 512.00000000 962.50000000
8868 135 499.00000000 962.50000000
8880 135 488.50000000 962.50000000
8892 135 477.50000000 967.00000000
8904 135 466.50000000 967.00000000
8916 135 455.50000000 967.00000000
8928 135 445.00000000 971.00000000
8940 135 434.00000000 971.00000000
8952 135 421.00000000 971.00000000
8964 135 410.00000000 971.00000000
8976 135 397.00000000 967.00000000
8988 135 386.50000000 962.50000000
9000 135 375.50000000 962.50000000
9012 135 365.00000000 960.50000000
9024 135 353.50000000 963.00000000
9036 136 343.50000000 965.00000000
9048 136 332.50000000 967.00000000
9060 136 323.00000000 969.00000000
9072 136 310.00000000 965.00000000
9084 136 297.00000000 965.00000000
9096 136 284.50000000 965.00000000
9108 136 272.00000000 965.00000000
9120 136 261.00000000 965.00000000
9132 136 248.00000000 965.00000000
9144 136 235.00000000 965.00000000
9156 136 222.50000000 961.00000000
9168 136 212.00000000 961.00000000
9180 136 199.00000000 961.00000000
9192 136 186.00000000 961.00000000
9204 136 173.00000000 961.00000000
9216 136 161.00000000 961.00000000
9228 136 150.00000000 961.00000000
9240 136 137.00000000 961.00000000
9252 136 124.00000000 961.00000000
9264 136 113.00000000 961.00000000
9504 58 218.00000000 1767.50000000
9516 58 212.00000000 1758.50000000
9528 58 204.00000000 1750.50000000
9540 58 198.00000000 1742.50000000
9552 58 191.00000000 1738.50000000
9564 58 184.00000000 1730.00000000
9576 58 177.00000000 1721.50000000
9588 58 170.50000000 1713.50000000
9600 58 164.00000000 1705.50000000
9612 58 157.00000000 1697.00000000
9624 58 150.50000000 1692.50000000
9636 58 143.50000000 1684.50000000
9648 58 137.00000000 1676.50000000
9660 58 129.50000000 1668.50000000
9672 58 123.50000000 1659.50000000
9684 58 116.00000000 1651.50000000
9696 58 109.50000000 1647.50000000
9708 58 102.50000000 1639.50000000
9720 58 96.00000000 1631.00000000
9732 58 88.50000000 1622.50000000
9660 90 1270.00000000 1084.50000000
9672 90 1258.00000000 1084.50000000
9684 90 1247.00000000 1084.50000000
9696 90 1234.00000000 1084.50000000
9708 90 1221.00000000 1084.50000000
9720 90 1210.00000000 1080.00000000
9732 90 1198.00000000 1080.00000000
9744 90 1185.00000000 1080.00000000
9756 90 1174.00000000 1080.00000000
9768 90 1161.00000000 1080.00000000
9780 90 1148.00000000 1076.00000000
9792 90 1137.50000000 1076.00000000
9804 90 1125.00000000 1076.00000000
9816 90 1112.00000000 1076.00000000
9828 90 1101.00000000 1076.00000000
9840 90 1088.00000000 1072.00000000
9852 90 1077.00000000 1072.00000000
9864 90 1065.00000000 1072.00000000
9876 90 1052.00000000 1072.00000000
9888 90 1041.00000000 1068.00000000
9900 91 1028.00000000 1068.00000000
9912 91 1015.50000000 1068.00000000
9924 91 1005.00000000 1068.00000000
9936 91 992.00000000 1068.00000000
9948 91 979.00000000 1064.00000000
9960 91 968.00000000 1064.00000000
9972 91 955.00000000 1064.00000000
9984 91 943.00000000 1064.00000000
9996 91 932.00000000 1064.00000000
10008 91 919.00000000 1060.00000000
10020 91 906.00000000 1060.00000000
10032 91 894.00000000 1060.00000000
10044 91 882.00000000 1060.00000000
10056 91 869.00000000 1060.00000000
10068 91 856.00000000 1060.00000000
10080 91 843.50000000 1060.00000000
10092 91 831.00000000 1060.00000000
10104 91 819.00000000 1060.00000000
10116 91 806.00000000 1060.00000000
10128 91 794.00000000 1060.00000000
9984 68 1291.00000000 1162.50000000
9996 68 1281.00000000 1187.50000000
10008 68 1280.50000000 1226.50000000
10020 68 1280.50000000 1266.00000000
10032 68 1280.50000000 1305.00000000
10044 68 1279.50000000 1342.50000000
10056 68 1279.50000000 1381.50000000
10068 68 1278.50000000 1420.50000000
10080 68 1278.50000000 1460.00000000
10092 68 1278.50000000 1499.00000000
10104 68 1277.50000000 1536.00000000
10116 68 1277.50000000 1575.00000000
10128 68 1277.50000000 1614.50000000
10140 68 1276.50000000 1654.00000000
10152 68 1276.50000000 1693.00000000
10164 68 1276.50000000 1730.00000000
10176 68 1275.50000000 1769.00000000
10188 68 1275.50000000 1808.50000000
10200 68 1275.50000000 1847.50000000
10212 68 1275.00000000 1886.50000000
10056 69 1110.50000000 591.50000000
10068 69 1110.50000000 633.00000000
10080 69 1112.00000000 670.00000000
10092 69 1062.50000000 866.00000000
10104 69 1008.50000000 938.00000000
10116 69 1011.50000000 936.00000000
10128 69 1013.50000000 936.00000000
10140 69 1013.50000000 936.00000000
10152 69 1013.50000000 936.00000000
10164 69 1013.50000000 936.00000000
10176 69 1013.50000000 936.00000000
10188 69 1013.50000000 936.00000000
10200 69 1013.50000000 936.00000000
10212 69 1013.50000000 936.00000000
10224 69 1013.50000000 936.00000000
10236 69 1013.50000000 936.00000000
10248 69 1013.50000000 936.00000000
10260 69 1013.50000000 936.00000000
10272 69 1013.50000000 936.00000000
10284 69 1013.50000000 936.00000000
10104 98 1281.50000000 1026.50000000
10116 98 1266.50000000 1026.50000000
10128 98 1252.50000000 1026.50000000
10140 98 1237.50000000 1022.50000000
10152 98 1223.00000000 1022.50000000
10164 98 1208.50000000 1018.50000000
10176 98 1194.00000000 1018.50000000
10188 98 1179.50000000 1018.50000000
10200 98 1165.00000000 1014.50000000
10212 98 1150.50000000 1014.50000000
10224 98 1135.50000000 1010.50000000
10236 98 1121.00000000 1010.50000000
10248 98 1106.50000000 1010.50000000
10260 98 1092.00000000 1006.00000000
10272 98 1077.50000000 1006.00000000
10284 98 1063.00000000 1006.00000000
10296 98 1048.50000000 1002.00000000
10308 98 1033.50000000 1002.00000000
10320 98 1019.00000000 997.50000000
10332 98 1004.50000000 997.50000000
10140 92 781.50000000 1060.00000000
10152 92 769.00000000 1060.00000000
10164 92 757.00000000 1060.00000000
10176 92 744.00000000 1058.00000000
10188 92 731.50000000 1058.00000000
10200 92 719.00000000 1058.00000000
10212 92 707.00000000 1058.00000000
10224 92 694.00000000 1058.00000000
10236 92 681.50000000 1058.00000000
10248 92 668.50000000 1058.00000000
10260 92 656.00000000 1055.50000000
10272 92 644.00000000 1055.50000000
10284 92 631.50000000 1055.50000000
10296 92 618.50000000 1055.50000000
10308 92 606.00000000 1055.50000000
10320 92 594.00000000 1055.50000000
10332 92 582.00000000 1055.50000000
10344 92 569.50000000 1053.50000000
10356 92 556.50000000 1053.50000000
10368 92 544.00000000 1053.50000000
10296 70 1013.50000000 936.00000000
10308 70 1013.50000000 936.00000000
10320 70 1013.50000000 936.00000000
10332 70 1013.50000000 936.00000000
10344 70 1013.50000000 936.00000000
10356 70 1013.50000000 936.00000000
10368 70 1013.50000000 936.00000000
10380 70 1013.50000000 936.00000000
10392 70 1013.50000000 936.00000000
10404 70 1013.50000000 936.00000000
10416 70 1013.50000000 936.00000000
10428 70 1013.50000000 936.00000000
10440 70 1013.50000000 936.00000000
10452 70 1013.50000000 936.00000000
10464 70 1013.50000000 936.00000000
10476 70 1013.50000000 936.00000000
10488 70 1013.50000000 936.00000000
10500 70 1013.50000000 936.00000000
10512 70 1013.50000000 936.00000000
10524 70 1013.50000000 936.00000000
10344 99 990.00000000 997.50000000
10356 99 975.50000000 993.50000000
10368 99 961.00000000 993.50000000
10380 99 946.50000000 989.50000000
10392 99 931.50000000 989.50000000
10404 99 917.50000000 989.50000000
10416 99 902.50000000 985.50000000
10428 99 888.00000000 985.50000000
10440 99 873.50000000 981.50000000
10452 99 859.00000000 981.50000000
10464 99 844.50000000 981.50000000
10476 99 829.50000000 977.50000000
10488 99 815.50000000 977.50000000
10500 99 802.50000000 977.50000000
10512 99 790.50000000 973.50000000
10524 99 780.00000000 969.00000000
10536 99 768.00000000 967.00000000
10548 99 757.00000000 963.00000000
10560 99 745.00000000 961.00000000
10572 99 733.00000000 959.00000000
10380 93 531.50000000 1053.50000000
10392 93 519.50000000 1053.50000000
10404 93 506.50000000 1053.50000000
10416 93 493.50000000 1053.50000000
10428 93 481.50000000 1053.50000000
10440 93 468.50000000 1053.50000000
10452 93 456.50000000 1053.50000000
10464 93 443.50000000 1053.50000000
10476 93 431.50000000 1053.50000000
10488 93 418.50000000 1053.50000000
10500 93 407.50000000 1053.50000000
10512 93 394.50000000 1051.50000000
10524 93 382.50000000 1049.50000000
10536 93 370.50000000 1049.50000000
10548 93 359.50000000 1049.50000000
10560 93 348.50000000 1047.50000000
10572 93 335.50000000 1049.50000000
10584 93 324.50000000 1049.50000000
10596 93 313.50000000 1049.50000000
10608 93 302.50000000 1053.50000000
10584 100 719.00000000 959.00000000
10596 100 703.00000000 961.00000000
10608 100 688.00000000 961.00000000
10620 100 673.00000000 963.00000000
10632 100 658.00000000 963.00000000
10644 100 643.00000000 967.00000000
10656 100 632.00000000 967.00000000
10668 100 619.50000000 967.00000000
10680 100 607.00000000 967.00000000
10692 100 594.00000000 969.00000000
10704 100 576.00000000 973.00000000
10716 100 559.00000000 977.00000000
10728 100 541.00000000 981.00000000
10740 100 525.00000000 985.50000000
10752 100 507.00000000 985.50000000
10764 100 496.00000000 985.50000000
10776 100 483.00000000 985.50000000
10788 100 470.00000000 981.00000000
10800 100 457.00000000 981.00000000
10812 100 446.50000000 977.00000000
10596 95 27.50000000 1080.50000000
10608 95 19.00000000 1100.50000000
10620 95 16.00000000 1105.50000000
10632 95 22.50000000 1096.50000000
10644 95 34.00000000 1100.50000000
10656 95 45.00000000 1100.50000000
10668 95 58.00000000 1105.50000000
10680 95 68.50000000 1109.50000000
10692 95 78.50000000 1113.50000000
10704 95 87.50000000 1113.50000000
10716 95 96.50000000 1117.50000000
10728 95 106.00000000 1121.50000000
10740 95 115.50000000 1125.50000000
10752 95 126.00000000 1125.50000000
10764 95 138.00000000 1121.50000000
10776 95 150.50000000 1117.50000000
10788 95 163.50000000 1113.50000000
10800 95 176.00000000 1109.50000000
10812 95 188.00000000 1105.50000000
10824 95 200.50000000 1100.50000000
10620 94 291.50000000 1053.50000000
10632 94 280.50000000 1053.50000000
10644 94 268.00000000 1053.50000000
10656 94 257.50000000 1053.50000000
10668 94 246.50000000 1053.50000000
10680 94 235.50000000 1053.50000000
10692 94 222.50000000 1053.50000000
10704 94 209.50000000 1053.50000000
10716 94 197.00000000 1053.50000000
10728 94 184.50000000 1053.50000000
10740 94 171.50000000 1053.50000000
10752 94 158.50000000 1053.50000000
10764 94 142.50000000 1053.50000000
10776 94 126.00000000 1053.50000000
10788 94 109.50000000 1053.50000000
10800 94 93.50000000 1049.50000000
10812 94 76.50000000 1049.50000000
10824 94 60.50000000 1049.50000000
10836 94 49.50000000 1049.50000000
10848 94 45.00000000 1049.50000000
10824 101 434.00000000 977.00000000
10836 101 421.00000000 973.00000000
10848 101 408.00000000 973.00000000
10860 101 396.00000000 973.00000000
10872 101 383.00000000 973.00000000
10884 101 370.00000000 969.00000000
10896 101 355.50000000 969.00000000
10908 101 339.00000000 965.00000000
10920 101 324.50000000 965.00000000
10932 101 310.00000000 965.00000000
10944 101 295.00000000 961.00000000
10956 101 279.00000000 961.00000000
10968 101 266.00000000 956.50000000
10980 101 253.50000000 948.00000000
10992 101 239.00000000 944.00000000
11004 101 226.00000000 938.00000000
11016 101 211.50000000 940.00000000
11028 101 198.00000000 942.00000000
11040 101 184.50000000 942.00000000
11052 101 169.50000000 944.00000000
10836 96 213.50000000 1100.50000000
10848 96 226.00000000 1100.50000000
10860 96 241.00000000 1100.50000000
10872 96 253.50000000 1100.50000000
10884 96 266.00000000 1100.50000000
10896 96 277.00000000 1100.50000000
10908 96 288.00000000 1100.50000000
10920 96 299.00000000 1105.50000000
10932 96 310.00000000 1105.50000000
10944 96 321.00000000 1105.50000000
10956 96 332.00000000 1105.50000000
10968 96 342.50000000 1109.50000000
10980 96 353.50000000 1109.50000000
10992 96 364.50000000 1109.50000000
11004 96 377.50000000 1111.50000000
11016 96 388.00000000 1111.50000000
11028 96 399.00000000 1109.50000000
11040 96 410.00000000 1109.50000000
11052 96 421.00000000 1107.00000000
11064 96 432.00000000 1107.00000000
11064 102 1288.50000000 1220.50000000
11076 102 1288.50000000 1224.50000000
11088 102 1289.50000000 1233.00000000
11100 102 1290.50000000 1245.50000000
11112 102 1290.50000000 1253.50000000
11124 102 1292.50000000 1262.00000000
11136 102 1293.50000000 1270.00000000
11148 102 1293.50000000 1278.50000000
11160 102 1294.00000000 1290.50000000
11172 102 1295.00000000 1299.00000000
11184 102 1297.00000000 1307.00000000
11196 102 1297.00000000 1319.50000000
11208 102 1297.00000000 1332.00000000
11220 102 1297.00000000 1340.00000000
11232 102 1297.00000000 1352.50000000
11244 102 1297.00000000 1365.00000000
11256 102 1297.00000000 1373.00000000
11268 102 1297.00000000 1385.50000000
11280 102 1297.00000000 1398.00000000
11292 102 1297.00000000 1406.00000000
11076 97 443.00000000 1107.00000000
11088 97 454.00000000 1105.00000000
11100 97 465.50000000 1107.00000000
11112 97 476.50000000 1105.00000000
11124 97 487.50000000 1105.00000000
11136 97 498.50000000 1103.00000000
11148 97 509.50000000 1103.00000000
11160 97 520.50000000 1101.00000000
11172 97 531.50000000 1101.00000000
11184 97 544.00000000 1103.00000000
11196 97 555.00000000 1103.00000000
11208 97 567.50000000 1103.00000000
11220 97 580.50000000 1103.00000000
11232 97 591.50000000 1103.00000000
11244 97 604.00000000 1103.00000000
11256 97 615.00000000 1103.00000000
11268 97 627.50000000 1103.00000000
11280 97 638.50000000 1103.00000000
11292 97 649.50000000 1103.00000000
11304 97 660.50000000 1103.00000000
