60 15 1096.50000000 85.50000000
72 15 1098.00000000 100.00000000
84 15 1101.50000000 118.50000000
96 15 1105.50000000 140.50000000
108 15 1107.00000000 159.00000000
120 15 1110.50000000 177.00000000
132 15 1114.00000000 195.50000000
144 15 1114.00000000 203.00000000
156 15 1114.00000000 214.00000000
168 15 1115.50000000 225.00000000
180 15 1115.50000000 232.00000000
192 15 1117.50000000 243.00000000
204 15 1117.50000000 254.00000000
216 15 1119.50000000 261.50000000
228 15 1119.50000000 272.50000000
240 15 1121.50000000 283.50000000
252 15 1121.50000000 291.00000000
264 15 1121.50000000 305.50000000
276 15 1121.50000000 325.50000000
288 15 1119.50000000 344.00000000
60 39 1103.00000000 816.50000000
72 39 1103.00000000 816.50000000
84 39 1104.00000000 816.50000000
96 39 1105.00000000 816.50000000
108 39 1106.00000000 816.50000000
120 39 1107.00000000 816.50000000
132 39 1108.00000000 816.50000000
144 39 1109.00000000 816.50000000
156 39 1109.50000000 816.50000000
168 39 1109.50000000 816.50000000
180 39 1111.50000000 813.00000000
192 39 1111.50000000 813.00000000
204 39 1111.50000000 813.00000000
216 39 1111.50000000 813.00000000
228 39 1111.50000000 813.00000000
240 39 1111.50000000 813.00000000
252 39 1111.50000000 813.00000000
264 39 1111.50000000 813.00000000
276 39 1113.00000000 813.00000000
288 39 1113.00000000 813.00000000
72 30 1033.50000000 1044.00000000
84 30 1042.50000000 1044.00000000
96 30 1051.50000000 1042.00000000
108 30 1061.50000000 1042.00000000
120 30 1070.50000000 1038.50000000
132 30 1079.50000000 1038.50000000
144 30 1088.50000000 1036.50000000
156 30 1097.50000000 1036.50000000
168 30 1107.50000000 1033.00000000
180 30 1118.50000000 1033.00000000
192 30 1129.50000000 1033.00000000
204 30 1140.00000000 1029.50000000
216 30 1150.50000000 1029.50000000
228 30 1161.50000000 1029.50000000
240 30 1173.50000000 1029.50000000
252 30 1186.50000000 1029.50000000
264 30 1197.00000000 1029.50000000
276 30 1209.50000000 1029.50000000
288 30 1220.50000000 1029.50000000
300 30 1230.50000000 1025.50000000
72 31 999.00000000 996.00000000
84 31 1008.00000000 996.00000000
96 31 1017.00000000 996.00000000
108 31 1025.50000000 996.00000000
120 31 1034.50000000 996.00000000
132 31 1043.50000000 996.00000000
144 31 1052.50000000 996.00000000
156 31 1061.50000000 996.00000000
168 31 1072.50000000 993.00000000
180 31 1083.00000000 993.00000000
192 31 1095.50000000 993.00000000
204 31 1106.00000000 989.00000000
216 31 1118.50000000 989.00000000
228 31 1129.50000000 989.00000000
240 31 1140.00000000 985.00000000
252 31 1148.50000000 985.00000000
264 31 1157.50000000 985.00000000
276 31 1166.50000000 985.00000000
288 31 1175.50000000 985.00000000
300 31 1186.50000000 982.00000000
72 32 1001.50000000 1027.50000000
84 32 1010.50000000 1027.50000000
96 32 1019.50000000 1027.50000000
108 32 1028.50000000 1027.50000000
120 32 1037.50000000 1024.00000000
132 32 1046.50000000 1024.00000000
144 32 1055.50000000 1024.00000000
156 32 1064.50000000 1024.00000000
168 32 1074.50000000 1020.00000000
180 32 1085.50000000 1020.00000000
192 32 1096.50000000 1016.50000000
204 32 1106.50000000 1016.50000000
216 32 1117.50000000 1013.00000000
228 32 1128.50000000 1013.00000000
240 32 1139.50000000 1013.00000000
252 32 1147.50000000 1013.00000000
264 32 1158.50000000 1013.00000000
276 32 1167.50000000 1013.00000000
288 32 1178.50000000 1013.00000000
300 32 1189.00000000 1009.00000000
72 55 1152.50000000 943.50000000
84 55 1145.00000000 943.50000000
96 55 1138.00000000 943.50000000
108 55 1131.00000000 941.50000000
120 55 1124.00000000 939.50000000
132 55 1117.00000000 937.50000000
144 55 1109.50000000 937.50000000
156 55 1102.50000000 937.50000000
168 55 1093.50000000 934.00000000
180 55 1085.00000000 934.00000000
192 55 1076.00000000 934.00000000
204 55 1067.00000000 934.00000000
216 55 1058.00000000 934.00000000
228 55 1049.00000000 934.00000000
240 55 1042.00000000 930.50000000
252 55 1035.00000000 930.50000000
264 55 1027.50000000 930.50000000
276 55 1020.50000000 930.50000000
288 55 1013.00000000 930.50000000
300 55 1007.00000000 930.50000000
72 57 1160.50000000 906.50000000
84 57 1153.00000000 906.50000000
96 57 1146.00000000 906.50000000
108 57 1141.00000000 902.50000000
120 57 1134.00000000 902.50000000
132 57 1128.00000000 899.50000000
144 57 1121.00000000 899.50000000
156 57 1114.00000000 899.50000000
168 57 1107.00000000 895.50000000
180 57 1098.00000000 895.50000000
192 57 1091.00000000 891.50000000
204 57 1082.00000000 891.50000000
216 57 1075.00000000 888.50000000
228 57 1066.00000000 888.50000000
240 57 1059.00000000 884.50000000
252 57 1050.00000000 884.50000000
264 57 1043.00000000 884.50000000
276 57 1036.00000000 884.50000000
288 57 1028.50000000 884.50000000
300 57 1020.00000000 884.50000000
72 67 1028.50000000 1013.00000000
84 67 1037.50000000 1013.00000000
96 67 1046.50000000 1011.00000000
108 67 1055.50000000 1009.00000000
120 67 1064.00000000 1007.50000000
132 67 1071.50000000 1005.50000000
144 67 1080.00000000 1003.50000000
156 67 1089.00000000 1003.50000000
168 67 1100.00000000 1000.00000000
180 67 1112.50000000 996.50000000
192 67 1123.00000000 992.50000000
204 67 1135.50000000 989.00000000
216 67 1148.00000000 989.00000000
228 67 1158.50000000 985.50000000
240 67 1169.50000000 985.50000000
252 67 1180.00000000 985.50000000
264 67 1191.00000000 985.50000000
276 67 1201.50000000 985.50000000
288 67 1212.00000000 985.50000000
300 67 1223.00000000 985.50000000
84 63 1020.50000000 888.00000000
96 63 1020.50000000 899.00000000
108 63 1020.50000000 910.00000000
120 63 1020.50000000 919.00000000
132 63 1020.50000000 928.50000000
144 63 1020.50000000 938.00000000
156 63 1020.50000000 949.00000000
168 63 1020.50000000 963.00000000
180 63 1020.50000000 978.00000000
192 63 1024.00000000 982.00000000
204 63 1027.50000000 989.00000000
216 63 1033.00000000 996.00000000
228 63 1036.50000000 1004.00000000
240 63 1042.00000000 1011.00000000
252 63 1045.50000000 1015.00000000
264 63 1049.00000000 1022.00000000
276 63 1052.50000000 1033.00000000
288 63 1056.00000000 1044.00000000
300 63 1060.00000000 1051.00000000
312 63 1061.50000000 1062.00000000
96 6 617.50000000 1349.50000000
108 6 604.00000000 1329.50000000
120 6 595.00000000 1329.50000000
132 6 588.00000000 1326.00000000
144 6 581.00000000 1326.00000000
156 6 575.50000000 1322.50000000
168 6 575.50000000 1322.50000000
180 6 574.00000000 1322.50000000
192 6 574.00000000 1322.50000000
204 6 572.00000000 1322.50000000
216 6 572.00000000 1322.50000000
228 6 570.00000000 1322.50000000
240 6 570.00000000 1322.50000000
252 6 570.00000000 1322.50000000
264 6 568.50000000 1322.50000000
276 6 568.50000000 1322.50000000
288 6 566.50000000 1322.50000000
300 6 566.50000000 1322.50000000
312 6 565.00000000 1322.50000000
324 6 565.00000000 1322.50000000
108 41 687.50000000 1326.00000000
120 41 676.50000000 1326.00000000
132 41 670.50000000 1329.50000000
144 41 663.50000000 1329.50000000
156 41 660.50000000 1329.50000000
168 41 660.50000000 1329.50000000
180 41 660.50000000 1329.50000000
192 41 658.50000000 1329.50000000
204 41 658.50000000 1329.50000000
216 41 658.50000000 1329.50000000
228 41 656.50000000 1329.50000000
240 41 656.50000000 1329.50000000
252 41 656.50000000 1326.00000000
264 41 656.50000000 1326.00000000
276 41 654.50000000 1326.00000000
288 41 654.50000000 1326.00000000
300 41 654.50000000 1326.00000000
312 41 653.50000000 1326.00000000
324 41 653.50000000 1326.00000000
336 41 653.50000000 1326.00000000
120 24 313.00000000 1038.50000000
132 24 319.00000000 1035.00000000
144 24 326.00000000 1031.00000000
156 24 331.00000000 1031.00000000
168 24 338.00000000 1027.50000000
180 24 345.50000000 1027.50000000
192 24 351.00000000 1024.00000000
204 24 358.00000000 1024.00000000
216 24 367.00000000 1024.00000000
228 24 374.00000000 1024.00000000
240 24 381.00000000 1020.00000000
252 24 388.00000000 1020.00000000
264 24 395.00000000 1020.00000000
276 24 404.00000000 1020.00000000
288 24 411.50000000 1016.50000000
300 24 419.00000000 1016.50000000
312 24 426.00000000 1016.50000000
324 24 433.00000000 1016.50000000
336 24 442.00000000 1013.00000000
348 24 449.00000000 1013.00000000
120 27 316.00000000 1068.00000000
132 27 321.50000000 1064.00000000
144 27 326.50000000 1060.50000000
156 27 332.50000000 1057.00000000
168 27 338.50000000 1057.00000000
180 27 343.50000000 1053.00000000
192 27 349.50000000 1049.50000000
204 27 357.50000000 1049.50000000
216 27 365.50000000 1049.50000000
228 27 372.50000000 1049.50000000
240 27 379.50000000 1046.00000000
252 27 388.50000000 1046.00000000
264 27 395.50000000 1046.00000000
276 27 402.50000000 1046.00000000
288 27 411.50000000 1042.00000000
300 27 418.50000000 1042.00000000
312 27 425.50000000 1042.00000000
324 27 432.50000000 1042.00000000
336 27 441.50000000 1038.50000000
348 27 448.50000000 1038.50000000
120 48 804.00000000 1212.50000000
132 48 800.00000000 1194.00000000
144 48 798.50000000 1179.50000000
156 48 795.00000000 1161.00000000
168 48 793.00000000 1146.50000000
180 48 791.00000000 1128.50000000
192 48 788.00000000 1113.50000000
204 48 786.00000000 1099.00000000
216 48 784.00000000 1088.00000000
228 48 782.50000000 1077.00000000
240 48 780.50000000 1066.00000000
252 48 779.00000000 1055.00000000
264 48 777.00000000 1044.00000000
276 48 775.00000000 1033.00000000
288 48 773.50000000 1022.00000000
300 48 773.50000000 1014.50000000
312 48 770.00000000 1000.00000000
324 48 766.50000000 985.50000000
336 48 763.00000000 970.50000000
348 48 759.00000000 959.50000000
120 49 581.50000000 947.00000000
132 49 589.00000000 939.50000000
144 49 598.00000000 936.00000000
156 49 605.00000000 932.00000000
168 49 614.00000000 928.50000000
180 49 624.50000000 928.50000000
192 49 637.00000000 928.50000000
204 49 647.50000000 928.50000000
216 49 660.50000000 932.00000000
228 49 671.00000000 932.00000000
240 49 683.50000000 932.00000000
252 49 694.00000000 936.00000000
264 49 703.00000000 936.00000000
276 49 713.50000000 938.00000000
288 49 722.50000000 938.00000000
300 49 728.00000000 934.00000000
312 49 733.50000000 927.00000000
324 49 738.50000000 919.00000000
336 49 747.50000000 919.00000000
348 49 756.50000000 916.00000000
120 68 324.50000000 1084.00000000
132 68 329.50000000 1084.00000000
144 68 334.50000000 1084.00000000
156 68 340.50000000 1084.00000000
168 68 345.50000000 1084.00000000
180 68 350.50000000 1084.00000000
192 68 356.50000000 1081.00000000
204 68 365.50000000 1081.00000000
216 68 372.50000000 1081.00000000
228 68 379.50000000 1077.00000000
240 68 388.50000000 1077.00000000
252 68 395.50000000 1073.00000000
264 68 402.50000000 1073.00000000
276 68 411.50000000 1070.00000000
288 68 418.50000000 1070.00000000
300 68 427.50000000 1070.00000000
312 68 434.50000000 1066.00000000
324 68 441.50000000 1066.00000000
336 68 450.50000000 1062.00000000
348 68 457.50000000 1062.00000000
144 21 125.00000000 1062.50000000
156 21 138.00000000 1062.50000000
168 21 150.00000000 1060.50000000
180 21 161.00000000 1058.50000000
192 21 173.00000000 1055.00000000
204 21 186.00000000 1055.00000000
216 21 197.50000000 1055.00000000
228 21 209.00000000 1055.00000000
240 21 221.50000000 1051.50000000
252 21 233.00000000 1051.50000000
264 21 246.00000000 1051.50000000
276 21 258.00000000 1051.50000000
288 21 269.00000000 1047.50000000
300 21 281.00000000 1047.50000000
312 21 294.00000000 1047.50000000
324 21 306.00000000 1047.50000000
336 21 317.00000000 1047.50000000
348 21 329.00000000 1047.50000000
360 21 342.00000000 1047.50000000
372 21 353.00000000 1047.50000000
180 53 1015.50000000 1294.50000000
192 53 1018.50000000 1302.50000000
204 53 1024.50000000 1313.50000000
216 53 1029.50000000 1324.50000000
228 53 1034.50000000 1331.50000000
240 53 1040.50000000 1342.50000000
252 53 1045.50000000 1353.50000000
264 53 1050.50000000 1360.50000000
276 53 1056.50000000 1371.50000000
288 53 1061.50000000 1382.50000000
300 53 1066.50000000 1390.50000000
312 53 1072.50000000 1401.50000000
324 53 1077.50000000 1412.50000000
336 53 1082.50000000 1419.50000000
348 53 1088.50000000 1430.50000000
360 53 1093.50000000 1441.50000000
372 53 1098.50000000 1448.50000000
384 53 1104.50000000 1459.50000000
396 53 1109.50000000 1470.50000000
408 53 1114.50000000 1481.50000000
216 45 882.50000000 1399.50000000
228 45 873.50000000 1388.50000000
240 45 864.50000000 1377.50000000
252 45 855.50000000 1366.50000000
264 45 850.50000000 1359.00000000
276 45 844.50000000 1351.50000000
288 45 839.50000000 1344.50000000
300 45 834.00000000 1337.00000000
312 45 828.50000000 1329.50000000
324 45 821.50000000 1322.50000000
336 45 814.50000000 1311.50000000
348 45 807.50000000 1300.50000000
360 45 800.50000000 1293.00000000
372 45 796.50000000 1278.50000000
384 45 794.50000000 1267.50000000
396 45 793.00000000 1252.50000000
408 45 787.50000000 1241.50000000
420 45 778.50000000 1234.50000000
432 45 770.00000000 1223.50000000
444 45 761.00000000 1216.00000000
228 12 32.50000000 1007.00000000
240 12 32.50000000 1007.00000000
252 12 48.50000000 1011.00000000
264 12 64.50000000 1015.00000000
276 12 71.50000000 1015.00000000
288 12 78.50000000 1011.00000000
300 12 86.00000000 1007.00000000
312 12 93.50000000 1004.00000000
324 12 102.00000000 1004.00000000
336 12 109.50000000 1000.00000000
348 12 116.50000000 996.00000000
360 12 123.50000000 996.00000000
372 12 141.50000000 996.00000000
384 12 160.00000000 996.00000000
396 12 168.50000000 996.00000000
408 12 161.50000000 989.00000000
420 12 167.50000000 982.00000000
432 12 175.50000000 974.00000000
444 12 184.00000000 974.00000000
456 12 194.50000000 974.00000000
228 50 24.50000000 997.50000000
240 50 32.00000000 981.50000000
252 50 42.00000000 981.50000000
264 50 53.00000000 981.50000000
276 50 65.50000000 981.50000000
288 50 76.00000000 978.00000000
300 50 87.00000000 978.00000000
312 50 98.00000000 978.00000000
324 50 108.00000000 978.00000000
336 50 119.00000000 978.00000000
348 50 130.00000000 974.50000000
360 50 142.00000000 974.50000000
372 50 153.00000000 974.50000000
384 50 164.00000000 974.50000000
396 50 169.00000000 970.50000000
408 50 164.00000000 963.50000000
420 50 167.00000000 959.50000000
432 50 174.00000000 956.00000000
444 50 181.00000000 952.50000000
456 50 190.00000000 948.50000000
276 59 1268.50000000 935.00000000
288 59 1254.00000000 914.00000000
300 59 1243.50000000 910.00000000
312 59 1231.00000000 903.00000000
324 59 1220.00000000 899.00000000
336 59 1209.50000000 899.00000000
348 59 1199.00000000 899.00000000
360 59 1186.50000000 899.00000000
372 59 1175.50000000 899.00000000
384 59 1165.00000000 897.00000000
396 59 1152.50000000 894.00000000
408 59 1138.00000000 890.00000000
420 59 1125.50000000 890.00000000
432 59 1111.50000000 890.00000000
444 59 1098.00000000 890.00000000
456 59 1083.50000000 890.00000000
468 59 1069.50000000 888.00000000
480 59 1054.50000000 884.50000000
492 59 1048.00000000 883.00000000
504 59 1037.00000000 881.00000000
276 61 813.50000000 122.50000000
288 61 806.50000000 111.50000000
300 61 801.50000000 103.50000000
312 61 794.00000000 92.50000000
324 61 788.50000000 87.50000000
336 61 781.50000000 80.00000000
348 61 774.50000000 72.50000000
360 61 776.53000000 75.36000000
372 61 778.96000000 78.79000000
384 61 781.39000000 82.23000000
396 61 783.83000000 85.66000000
408 61 786.26000000 89.09000000
420 61 788.69000000 92.53000000
432 61 791.13000000 95.96000000
444 61 793.56000000 99.39000000
456 61 795.99000000 102.83000000
468 61 798.43000000 106.26000000
480 61 800.86000000 109.69000000
492 61 803.29000000 113.13000000
504 61 805.73000000 116.56000000
300 16 1117.50000000 358.50000000
312 16 1117.50000000 369.50000000
324 16 1117.50000000 384.50000000
336 16 1117.50000000 395.50000000
348 16 1117.50000000 406.50000000
360 16 1117.50000000 417.50000000
372 16 1117.50000000 432.00000000
384 16 1117.50000000 443.00000000
396 16 1117.50000000 454.00000000
408 16 1117.50000000 465.00000000
420 16 1117.50000000 479.50000000
432 16 1117.50000000 490.50000000
444 16 1117.50000000 501.50000000
456 16 1117.50000000 516.50000000
468 16 1117.50000000 527.50000000
480 16 1117.50000000 538.50000000
492 16 1117.50000000 549.00000000
504 16 1116.50000000 562.00000000
516 16 1117.50000000 569.50000000
528 16 1118.00000000 578.50000000
300 40 1113.00000000 813.00000000
312 40 1113.00000000 813.00000000
324 40 1113.00000000 813.00000000
336 40 1113.00000000 813.00000000
348 40 1113.00000000 813.00000000
360 40 1113.00000000 813.00000000
372 40 1113.00000000 813.00000000
384 40 1113.00000000 809.50000000
396 40 1111.50000000 802.00000000
408 40 1109.50000000 798.50000000
420 40 1108.00000000 791.00000000
432 40 1105.00000000 787.50000000
444 40 1105.00000000 787.50000000
456 40 1105.00000000 791.00000000
468 40 1103.00000000 791.00000000
480 40 1103.00000000 791.00000000
492 40 1102.00000000 787.50000000
504 40 1102.00000000 783.50000000
516 40 1102.00000000 783.50000000
528 40 1102.00000000 783.50000000
312 56 1000.00000000 930.50000000
324 56 991.00000000 926.50000000
336 56 982.00000000 926.50000000
348 56 973.00000000 923.00000000
360 56 964.00000000 919.50000000
372 56 955.00000000 919.50000000
384 56 945.00000000 915.50000000
396 56 936.00000000 912.00000000
408 56 927.00000000 912.00000000
420 56 918.00000000 908.50000000
432 56 909.00000000 904.50000000
444 56 902.00000000 901.00000000
456 56 893.00000000 897.50000000
468 56 884.00000000 897.50000000
480 56 875.00000000 893.50000000
492 56 866.00000000 890.00000000
504 56 858.00000000 882.50000000
516 56 853.00000000 873.50000000
528 56 848.50000000 864.00000000
540 56 843.50000000 855.00000000
312 58 1012.00000000 884.50000000
324 58 1003.50000000 880.50000000
336 58 995.00000000 880.50000000
348 58 986.00000000 880.50000000
360 58 977.00000000 877.50000000
372 58 968.00000000 877.50000000
384 58 959.00000000 873.50000000
396 58 950.00000000 873.50000000
408 58 941.00000000 873.50000000
420 58 932.00000000 869.50000000
432 58 925.00000000 866.50000000
444 58 916.00000000 862.50000000
456 58 907.00000000 858.50000000
468 58 900.00000000 857.00000000
480 58 891.00000000 853.50000000
492 58 882.00000000 849.50000000
504 58 875.00000000 846.00000000
516 58 871.00000000 842.50000000
528 58 867.00000000 837.00000000
540 58 862.50000000 833.00000000
324 64 1065.00000000 1070.00000000
336 64 1067.00000000 1077.00000000
348 64 1068.50000000 1084.00000000
360 64 1070.50000000 1092.00000000
372 64 1072.00000000 1099.00000000
384 64 1074.00000000 1106.00000000
396 64 1074.00000000 1110.00000000
408 64 1074.00000000 1110.00000000
420 64 1072.00000000 1110.00000000
432 64 1072.00000000 1110.00000000
444 64 1070.50000000 1110.00000000
456 64 1070.50000000 1106.00000000
468 64 1068.50000000 1106.00000000
480 64 1067.00000000 1106.00000000
492 64 1067.00000000 1106.00000000
504 64 1067.00000000 1103.00000000
516 64 1067.00000000 1103.00000000
528 64 1067.00000000 1103.00000000
540 64 1067.00000000 1103.00000000
552 64 1067.00000000 1103.00000000
336 7 566.50000000 1322.50000000
348 7 572.00000000 1322.50000000
360 7 577.00000000 1322.50000000
372 7 582.50000000 1322.50000000
384 7 579.00000000 1322.50000000
396 7 563.00000000 1311.50000000
408 7 546.00000000 1302.50000000
420 7 544.00000000 1302.50000000
432 7 544.00000000 1302.50000000
444 7 544.00000000 1302.50000000
456 7 544.00000000 1302.50000000
468 7 544.00000000 1302.50000000
480 7 544.00000000 1302.50000000
492 7 544.00000000 1302.50000000
504 7 544.00000000 1298.50000000
516 7 550.00000000 1298.50000000
528 7 553.00000000 1298.50000000
540 7 557.00000000 1298.50000000
552 7 561.00000000 1298.50000000
564 7 566.00000000 1298.50000000
348 42 653.50000000 1322.50000000
360 42 654.50000000 1318.50000000
372 42 658.50000000 1318.50000000
384 42 660.50000000 1315.00000000
396 42 654.50000000 1311.50000000
408 42 640.50000000 1307.50000000
420 42 626.50000000 1304.00000000
432 42 624.50000000 1304.00000000
444 42 622.50000000 1304.00000000
456 42 621.00000000 1304.00000000
468 42 619.50000000 1304.00000000
480 42 619.50000000 1307.50000000
492 42 619.50000000 1307.50000000
504 42 619.50000000 1306.00000000
516 42 623.50000000 1306.00000000
528 42 628.50000000 1306.00000000
540 42 631.50000000 1306.00000000
552 42 635.50000000 1304.00000000
564 42 639.50000000 1304.00000000
576 42 643.50000000 1304.00000000
360 25 458.00000000 1013.00000000
372 25 466.00000000 1009.00000000
384 25 474.00000000 1009.00000000
396 25 482.00000000 1009.00000000
408 25 491.00000000 1005.50000000
420 25 498.00000000 1005.50000000
432 25 507.00000000 1005.50000000
444 25 515.00000000 1002.00000000
456 25 523.00000000 1002.00000000
468 25 531.00000000 998.00000000
480 25 540.00000000 998.00000000
492 25 547.00000000 998.00000000
504 25 556.50000000 994.50000000
516 25 567.50000000 994.50000000
528 25 578.50000000 993.00000000
540 25 589.00000000 991.00000000
552 25 599.50000000 989.00000000
564 25 610.50000000 989.00000000
576 25 621.00000000 985.00000000
588 25 631.50000000 985.00000000
360 28 457.50000000 1038.50000000
372 28 464.50000000 1035.00000000
384 28 473.50000000 1035.00000000
396 28 481.00000000 1035.00000000
408 28 488.50000000 1031.00000000
420 28 497.50000000 1031.00000000
432 28 504.50000000 1031.00000000
444 28 513.50000000 1027.50000000
456 28 520.50000000 1027.50000000
468 28 529.50000000 1024.00000000
480 28 536.50000000 1024.00000000
492 28 545.50000000 1024.00000000
504 28 553.50000000 1020.00000000
516 28 564.00000000 1020.00000000
528 28 574.50000000 1016.50000000
540 28 585.50000000 1016.50000000
552 28 596.00000000 1014.50000000
564 28 607.50000000 1011.00000000
576 28 618.50000000 1011.00000000
588 28 629.00000000 1007.50000000
360 62 983.50000000 487.50000000
372 62 980.50000000 472.50000000
384 62 978.50000000 457.50000000
396 62 977.00000000 446.50000000
408 62 975.00000000 435.50000000
420 62 975.00000000 424.50000000
432 62 975.00000000 413.50000000
444 62 975.00000000 399.00000000
456 62 975.00000000 388.00000000
468 62 975.00000000 377.00000000
480 62 975.00000000 366.00000000
492 62 975.00000000 355.00000000
504 62 975.00000000 340.50000000
516 62 975.00000000 329.50000000
528 62 976.00000000 316.50000000
540 62 977.00000000 305.50000000
552 62 978.00000000 292.50000000
564 62 979.00000000 280.00000000
576 62 979.00000000 267.00000000
588 62 979.50000000 254.00000000
360 69 466.50000000 1059.00000000
372 69 473.50000000 1059.00000000
384 69 482.50000000 1059.00000000
396 69 489.50000000 1055.00000000
408 69 497.50000000 1055.00000000
420 69 505.50000000 1051.00000000
432 69 513.50000000 1051.00000000
444 69 522.50000000 1048.00000000
456 69 529.50000000 1048.00000000
468 69 538.50000000 1048.00000000
480 69 545.50000000 1044.00000000
492 69 554.50000000 1044.00000000
504 69 561.50000000 1040.00000000
516 69 571.50000000 1040.00000000
528 69 582.50000000 1038.50000000
540 69 593.50000000 1038.50000000
552 69 603.50000000 1037.00000000
564 69 612.50000000 1035.00000000
576 69 623.50000000 1035.00000000
588 69 633.50000000 1031.00000000
384 22 363.00000000 1044.00000000
396 22 369.00000000 1040.50000000
408 22 374.00000000 1033.00000000
420 22 378.00000000 1025.50000000
432 22 383.00000000 1022.00000000
444 22 388.00000000 1014.50000000
456 22 395.00000000 1011.00000000
468 22 408.00000000 1011.00000000
480 22 420.00000000 1011.00000000
492 22 433.00000000 1011.00000000
504 22 445.00000000 1011.00000000
516 22 458.00000000 1011.00000000
528 22 470.00000000 1011.00000000
540 22 483.00000000 1011.00000000
552 22 495.00000000 1011.00000000
564 22 508.00000000 1011.00000000
576 22 520.00000000 1011.00000000
588 22 533.00000000 1011.00000000
600 22 545.00000000 1011.00000000
612 22 558.00000000 1011.00000000
420 54 1118.50000000 1492.50000000
432 54 1123.50000000 1503.50000000
444 54 1129.50000000 1514.50000000
456 54 1134.50000000 1525.50000000
468 54 1138.50000000 1536.50000000
480 54 1143.50000000 1547.50000000
492 54 1148.50000000 1558.50000000
504 54 1156.00000000 1562.50000000
516 54 1164.00000000 1571.50000000
528 54 1172.00000000 1581.00000000
540 54 1181.00000000 1590.00000000
552 54 1189.00000000 1599.00000000
564 54 1197.00000000 1606.50000000
576 54 1205.00000000 1616.00000000
588 54 1214.00000000 1625.00000000
600 54 1222.00000000 1632.00000000
612 54 1230.00000000 1641.50000000
624 54 1238.00000000 1648.50000000
636 54 1247.00000000 1659.50000000
648 54 1254.50000000 1668.50000000
456 46 752.00000000 1205.00000000
468 46 741.50000000 1198.00000000
480 46 730.50000000 1190.50000000
492 46 720.00000000 1179.50000000
504 46 707.50000000 1172.00000000
516 46 696.50000000 1168.50000000
528 46 686.00000000 1165.00000000
540 46 674.50000000 1161.00000000
552 46 664.00000000 1157.50000000
564 46 653.00000000 1154.00000000
576 46 640.50000000 1150.50000000
588 46 630.00000000 1146.50000000
600 46 619.00000000 1143.00000000
612 46 607.50000000 1139.50000000
624 46 597.00000000 1135.50000000
636 46 586.00000000 1132.00000000
648 46 579.00000000 1128.50000000
660 46 575.50000000 1124.50000000
672 46 572.00000000 1124.50000000
684 46 568.50000000 1121.00000000
468 13 203.50000000 974.00000000
480 13 214.50000000 974.00000000
492 13 223.50000000 972.50000000
504 13 234.00000000 971.00000000
516 13 244.50000000 971.00000000
528 13 255.50000000 971.00000000
540 13 266.50000000 971.00000000
552 13 277.50000000 971.00000000
564 13 288.50000000 969.00000000
576 13 300.00000000 969.00000000
588 13 310.50000000 969.00000000
600 13 322.50000000 969.00000000
612 13 333.00000000 967.00000000
624 13 347.50000000 967.00000000
636 13 359.50000000 967.00000000
648 13 374.00000000 967.00000000
660 13 386.50000000 967.00000000
672 13 400.50000000 967.00000000
684 13 413.50000000 967.00000000
696 13 427.50000000 967.00000000
468 51 200.00000000 948.50000000
480 51 211.00000000 946.50000000
492 51 221.50000000 946.50000000
504 51 232.00000000 946.50000000
516 51 243.00000000 946.50000000
528 51 254.50000000 946.50000000
540 51 265.00000000 946.50000000
552 51 276.50000000 946.50000000
564 51 287.50000000 948.50000000
576 51 299.50000000 948.50000000
588 51 309.50000000 948.50000000
600 51 321.50000000 948.50000000
612 51 332.50000000 952.50000000
624 51 346.50000000 952.50000000
636 51 360.50000000 952.50000000
648 51 374.00000000 952.50000000
660 51 387.50000000 956.00000000
672 51 401.50000000 956.00000000
684 51 415.50000000 956.00000000
696 51 429.50000000 956.00000000
516 60 1021.50000000 881.00000000
528 60 1008.50000000 881.00000000
540 60 996.50000000 881.00000000
552 60 983.00000000 877.00000000
564 60 972.50000000 877.00000000
576 60 961.50000000 875.00000000
588 60 950.50000000 873.50000000
600 60 939.50000000 872.00000000
612 60 928.50000000 868.00000000
624 60 917.50000000 868.00000000
636 60 907.50000000 866.00000000
648 60 896.50000000 864.00000000
660 60 885.50000000 862.50000000
672 60 875.50000000 862.50000000
684 60 868.00000000 862.50000000
696 60 862.50000000 864.00000000
708 60 857.50000000 866.00000000
720 60 851.50000000 866.00000000
732 60 844.50000000 866.00000000
744 60 839.50000000 864.00000000
540 17 1117.50000000 586.00000000
552 17 1116.50000000 596.50000000
564 17 1113.50000000 607.50000000
576 17 1107.50000000 618.50000000
588 17 1102.50000000 629.50000000
600 17 1097.50000000 637.00000000
612 17 1088.50000000 644.50000000
624 17 1077.50000000 651.50000000
636 17 1068.50000000 659.00000000
648 17 1059.50000000 666.50000000
660 17 1052.50000000 677.50000000
672 17 1047.50000000 692.00000000
684 17 1040.00000000 703.00000000
696 17 1034.50000000 717.50000000
708 17 1028.50000000 728.50000000
720 17 1021.50000000 743.50000000
732 17 1014.50000000 758.00000000
744 17 1007.50000000 769.00000000
756 17 1005.50000000 783.50000000
768 17 1002.50000000 794.50000000
564 65 1067.00000000 1101.00000000
576 65 1067.00000000 1101.00000000
588 65 1067.00000000 1101.00000000
600 65 1068.50000000 1099.00000000
612 65 1068.50000000 1097.00000000
624 65 1068.50000000 1097.00000000
636 65 1068.50000000 1097.00000000
648 65 1068.50000000 1097.00000000
660 65 1068.50000000 1097.00000000
672 65 1068.50000000 1095.50000000
684 65 1068.50000000 1095.50000000
696 65 1070.50000000 1093.50000000
708 65 1070.50000000 1093.50000000
720 65 1070.50000000 1091.50000000
732 65 1070.50000000 1091.50000000
744 65 1070.50000000 1091.50000000
756 65 1070.50000000 1091.50000000
768 65 1070.50000000 1089.50000000
780 65 1070.50000000 1089.50000000
792 65 1072.00000000 1088.00000000
576 8 569.00000000 1298.50000000
588 8 574.00000000 1298.50000000
600 8 578.00000000 1298.50000000
612 8 582.00000000 1298.50000000
624 8 586.00000000 1296.50000000
636 8 591.00000000 1296.50000000
648 8 594.00000000 1296.50000000
660 8 599.00000000 1296.50000000
672 8 602.00000000 1296.50000000
684 8 607.50000000 1296.50000000
696 8 611.00000000 1296.50000000
708 8 615.00000000 1296.50000000
720 8 620.00000000 1296.50000000
732 8 624.00000000 1296.50000000
744 8 629.00000000 1296.50000000
756 8 636.00000000 1296.50000000
768 8 645.00000000 1296.50000000
780 8 647.00000000 1296.50000000
792 8 648.50000000 1296.50000000
804 8 650.50000000 1296.50000000
588 43 646.50000000 1302.00000000
600 43 650.50000000 1302.00000000
612 43 655.50000000 1302.00000000
624 43 659.50000000 1300.50000000
636 43 663.00000000 1300.50000000
648 43 666.50000000 1300.50000000
660 43 671.00000000 1300.50000000
672 43 674.50000000 1298.50000000
684 43 678.00000000 1298.50000000
696 43 682.50000000 1298.50000000
708 43 687.00000000 1296.50000000
720 43 690.50000000 1296.50000000
732 43 694.00000000 1296.50000000
744 43 699.50000000 1295.00000000
756 43 706.50000000 1295.00000000
768 43 715.50000000 1295.00000000
780 43 717.50000000 1293.00000000
792 43 719.00000000 1293.00000000
804 43 719.00000000 1293.00000000
816 43 721.00000000 1293.00000000
600 26 642.50000000 982.00000000
612 26 653.00000000 982.00000000
624 26 664.00000000 980.00000000
636 26 674.50000000 978.00000000
648 26 685.00000000 976.00000000
660 26 697.00000000 976.00000000
672 26 709.00000000 980.00000000
684 26 722.00000000 987.00000000
696 26 738.00000000 993.00000000
708 26 759.00000000 1000.00000000
720 26 781.00000000 1009.00000000
732 26 791.00000000 1009.00000000
744 26 802.00000000 1009.00000000
756 26 813.00000000 1011.00000000
768 26 823.00000000 1011.00000000
780 26 836.00000000 1014.50000000
792 26 847.00000000 1011.00000000
804 26 857.00000000 1007.50000000
816 26 868.00000000 1007.50000000
828 26 879.00000000 1003.50000000
600 29 639.50000000 1007.50000000
612 29 651.50000000 1003.50000000
624 29 662.00000000 1001.50000000
636 29 673.00000000 1000.00000000
648 29 683.50000000 998.50000000
660 29 695.00000000 998.50000000
672 29 706.00000000 1001.50000000
684 29 718.00000000 1009.50000000
696 29 735.00000000 1016.50000000
708 29 756.50000000 1023.50000000
720 29 779.00000000 1031.50000000
732 29 789.50000000 1031.50000000
744 29 801.50000000 1031.50000000
756 29 813.50000000 1034.50000000
768 29 825.50000000 1034.50000000
780 29 837.50000000 1038.50000000
792 29 848.50000000 1034.50000000
804 29 859.50000000 1031.50000000
816 29 869.50000000 1027.50000000
828 29 880.50000000 1023.50000000
600 70 644.50000000 1031.00000000
612 70 654.00000000 1029.50000000
624 70 663.50000000 1027.50000000
636 70 674.50000000 1025.50000000
648 70 685.50000000 1025.50000000
660 70 696.00000000 1025.50000000
672 70 708.50000000 1031.00000000
684 70 720.50000000 1038.50000000
696 70 738.50000000 1044.00000000
708 70 760.00000000 1048.00000000
720 70 781.50000000 1051.00000000
732 70 792.50000000 1051.00000000
744 70 803.00000000 1051.00000000
756 70 813.50000000 1055.00000000
768 70 824.50000000 1055.00000000
780 70 836.50000000 1059.00000000
792 70 847.50000000 1055.00000000
804 70 858.50000000 1053.00000000
816 70 869.00000000 1049.50000000
828 70 879.50000000 1047.50000000
624 23 570.00000000 1011.00000000
636 23 583.00000000 1011.00000000
648 23 595.00000000 1011.00000000
660 23 608.00000000 1011.00000000
672 23 621.00000000 1014.50000000
684 23 642.50000000 1018.50000000
696 23 664.50000000 1022.00000000
708 23 686.00000000 1025.50000000
720 23 704.00000000 1029.50000000
732 23 721.50000000 1033.00000000
744 23 739.00000000 1036.50000000
756 23 754.00000000 1036.50000000
768 23 765.00000000 1036.50000000
780 23 775.00000000 1033.00000000
792 23 786.00000000 1029.50000000
804 23 797.00000000 1029.50000000
816 23 807.00000000 1025.50000000
828 23 820.00000000 1025.50000000
840 23 830.50000000 1022.00000000
852 23 841.00000000 1018.50000000
660 11 14.00000000 908.50000000
672 11 22.50000000 910.50000000
684 11 38.50000000 913.50000000
696 11 75.50000000 924.50000000
708 11 112.50000000 935.50000000
720 11 150.50000000 945.00000000
732 11 176.00000000 945.00000000
744 11 201.00000000 945.00000000
756 11 221.00000000 941.50000000
768 11 238.50000000 941.50000000
780 11 256.00000000 937.50000000
792 11 272.00000000 937.50000000
804 11 290.00000000 934.00000000
816 11 308.00000000 934.00000000
828 11 326.00000000 934.00000000
840 11 340.00000000 930.50000000
852 11 352.00000000 926.50000000
864 11 364.00000000 926.50000000
876 11 377.00000000 923.00000000
888 11 388.00000000 923.00000000
672 19 1267.50000000 478.00000000
684 19 1256.50000000 474.00000000
696 19 1244.50000000 467.00000000
708 19 1233.50000000 461.50000000
720 19 1222.50000000 454.00000000
732 19 1212.50000000 446.50000000
744 19 1201.50000000 435.50000000
756 19 1192.50000000 428.50000000
768 19 1183.50000000 417.50000000
780 19 1172.50000000 410.00000000
792 19 1164.50000000 399.00000000
804 19 1155.50000000 388.00000000
816 19 1149.50000000 373.50000000
828 19 1144.50000000 358.50000000
840 19 1137.50000000 344.00000000
852 19 1131.50000000 329.50000000
864 19 1126.50000000 314.50000000
876 19 1124.50000000 300.00000000
888 19 1124.50000000 285.50000000
900 19 1124.50000000 274.50000000
672 20 976.00000000 670.00000000
684 20 990.50000000 670.00000000
696 20 1004.50000000 670.00000000
708 20 1018.50000000 670.00000000
720 20 1029.50000000 670.00000000
732 20 1040.00000000 670.00000000
744 20 1050.50000000 670.00000000
756 20 1061.50000000 668.50000000
768 20 1072.50000000 668.50000000
780 20 1083.00000000 668.50000000
792 20 1094.50000000 668.50000000
804 20 1102.50000000 657.50000000
816 20 1111.50000000 648.00000000
828 20 1116.50000000 633.50000000
840 20 1118.50000000 618.50000000
852 20 1121.50000000 604.50000000
864 20 1123.00000000 589.50000000
876 20 1124.50000000 574.50000000
888 20 1124.50000000 560.50000000
900 20 1124.50000000 545.50000000
696 10 3.00000000 919.50000000
708 10 25.50000000 923.00000000
720 10 52.50000000 930.50000000
732 10 78.50000000 941.50000000
744 10 103.50000000 947.00000000
756 10 124.50000000 947.00000000
768 10 144.00000000 947.00000000
780 10 164.50000000 947.00000000
792 10 180.50000000 943.00000000
804 10 194.00000000 943.00000000
816 10 206.50000000 943.00000000
828 10 220.50000000 939.50000000
840 10 233.00000000 939.50000000
852 10 246.50000000 939.50000000
864 10 260.50000000 939.50000000
876 10 273.50000000 939.50000000
888 10 284.00000000 939.50000000
900 10 296.50000000 943.00000000
912 10 309.00000000 943.00000000
924 10 319.50000000 947.00000000
696 47 570.00000000 1117.50000000
708 47 581.00000000 1113.50000000
720 47 591.50000000 1113.50000000
732 47 590.00000000 1106.50000000
744 47 588.00000000 1099.00000000
756 47 586.00000000 1091.50000000
768 47 584.50000000 1084.50000000
780 47 583.50000000 1080.50000000
792 47 575.00000000 1077.00000000
804 47 567.50000000 1073.50000000
816 47 560.00000000 1069.50000000
828 47 553.00000000 1066.00000000
840 47 546.00000000 1062.50000000
852 47 539.00000000 1058.50000000
864 47 530.00000000 1058.50000000
876 47 519.00000000 1058.50000000
888 47 509.00000000 1058.50000000
900 47 498.00000000 1062.50000000
912 47 487.00000000 1062.50000000
924 47 476.50000000 1062.50000000
696 71 1260.50000000 901.00000000
708 71 1245.50000000 904.50000000
720 71 1230.00000000 908.50000000
732 71 1214.50000000 912.00000000
744 71 1200.50000000 915.50000000
756 71 1184.50000000 919.50000000
768 71 1170.50000000 923.00000000
780 71 1163.50000000 923.00000000
792 71 1154.50000000 923.00000000
804 71 1147.00000000 923.00000000
816 71 1140.00000000 923.00000000
828 71 1131.00000000 923.00000000
840 71 1124.00000000 923.00000000
852 71 1115.00000000 923.00000000
864 71 1107.50000000 923.00000000
876 71 1099.00000000 919.50000000
888 71 1090.00000000 919.50000000
900 71 1081.00000000 919.50000000
912 71 1072.50000000 919.50000000
924 71 1063.50000000 919.50000000
696 72 1257.50000000 872.00000000
708 72 1243.50000000 879.00000000
720 72 1229.00000000 883.00000000
732 72 1215.50000000 888.00000000
744 72 1201.50000000 894.00000000
756 72 1187.00000000 899.00000000
768 72 1173.00000000 903.00000000
780 72 1164.00000000 903.00000000
792 72 1156.00000000 901.00000000
804 72 1147.00000000 901.00000000
816 72 1139.00000000 899.00000000
828 72 1130.00000000 895.50000000
840 72 1122.00000000 895.50000000
852 72 1113.50000000 893.50000000
864 72 1104.50000000 893.50000000
876 72 1095.50000000 890.00000000
888 72 1086.50000000 890.00000000
900 72 1079.50000000 890.00000000
912 72 1070.50000000 890.00000000
924 72 1061.50000000 886.50000000
708 14 461.50000000 972.50000000
720 14 483.50000000 976.00000000
732 14 498.00000000 980.00000000
744 14 512.50000000 983.50000000
756 14 526.50000000 987.00000000
768 14 541.50000000 991.00000000
780 14 555.50000000 994.50000000
792 14 570.50000000 994.50000000
804 14 584.50000000 998.00000000
816 14 599.50000000 1002.00000000
828 14 610.50000000 1002.00000000
840 14 619.50000000 1002.00000000
852 14 628.50000000 1002.00000000
864 14 637.00000000 998.00000000
876 14 646.00000000 998.00000000
888 14 656.50000000 998.00000000
900 14 665.50000000 994.50000000
912 14 674.50000000 994.50000000
924 14 683.50000000 994.50000000
936 14 692.50000000 991.00000000
708 52 453.50000000 959.50000000
720 52 473.00000000 959.50000000
732 52 487.50000000 963.50000000
744 52 503.50000000 967.00000000
756 52 517.50000000 970.50000000
768 52 532.50000000 974.50000000
780 52 547.50000000 978.00000000
792 52 563.50000000 978.00000000
804 52 577.50000000 981.50000000
816 52 593.50000000 985.50000000
828 52 604.50000000 985.50000000
840 52 614.50000000 985.50000000
852 52 623.50000000 981.50000000
864 52 634.50000000 981.50000000
876 52 643.50000000 978.00000000
888 52 654.00000000 974.50000000
900 52 664.50000000 974.50000000
912 52 673.50000000 970.50000000
924 52 684.50000000 970.50000000
936 52 693.50000000 967.00000000
720 73 1269.50000000 1575.50000000
732 73 1253.50000000 1557.00000000
744 73 1237.50000000 1538.50000000
756 73 1221.50000000 1520.50000000
768 73 1213.50000000 1509.50000000
780 73 1213.00000000 1502.00000000
792 73 1209.50000000 1494.50000000
804 73 1206.00000000 1487.50000000
816 73 1203.50000000 1480.00000000
828 73 1200.50000000 1474.50000000
840 73 1197.00000000 1469.00000000
852 73 1194.50000000 1461.50000000
864 73 1191.50000000 1456.50000000
876 73 1188.00000000 1448.50000000
888 73 1185.50000000 1443.50000000
900 73 1181.50000000 1436.00000000
912 73 1179.50000000 1430.50000000
924 73 1176.50000000 1423.50000000
936 73 1172.50000000 1417.50000000
948 73 1171.50000000 1412.50000000
756 33 1258.50000000 886.50000000
768 33 1244.50000000 890.00000000
780 33 1231.50000000 893.50000000
792 33 1221.50000000 893.50000000
804 33 1210.50000000 890.00000000
816 33 1201.50000000 890.00000000
828 33 1190.50000000 886.50000000
840 33 1180.50000000 886.50000000
852 33 1169.50000000 882.50000000
864 33 1160.50000000 879.00000000
876 33 1149.50000000 879.00000000
888 33 1139.50000000 875.50000000
900 33 1128.50000000 875.50000000
912 33 1119.50000000 871.50000000
924 33 1108.50000000 868.00000000
936 33 1098.50000000 868.00000000
948 33 1087.50000000 864.50000000
960 33 1078.50000000 864.50000000
972 33 1067.50000000 860.50000000
984 33 1057.50000000 857.00000000
780 18 999.50000000 805.50000000
792 18 998.50000000 816.50000000
804 18 995.50000000 831.50000000
816 18 993.50000000 842.50000000
828 18 992.00000000 853.50000000
840 18 988.50000000 864.50000000
852 18 984.50000000 875.50000000
864 18 977.50000000 886.50000000
876 18 972.50000000 893.50000000
888 18 965.50000000 902.50000000
900 18 958.00000000 912.00000000
912 18 951.00000000 921.50000000
924 18 943.50000000 928.50000000
936 18 936.50000000 937.50000000
948 18 931.50000000 946.50000000
960 18 924.50000000 954.50000000
972 18 924.50000000 961.50000000
984 18 926.00000000 967.00000000
996 18 924.50000000 978.00000000
1008 18 921.50000000 989.00000000
804 66 1072.00000000 1088.00000000
816 66 1072.00000000 1088.00000000
828 66 1072.00000000 1086.50000000
840 66 1072.00000000 1086.50000000
852 66 1072.00000000 1086.50000000
864 66 1072.00000000 1086.50000000
876 66 1072.00000000 1084.50000000
888 66 1074.00000000 1082.50000000
900 66 1074.00000000 1082.50000000
912 66 1074.00000000 1082.50000000
924 66 1074.00000000 1082.50000000
936 66 1074.00000000 1080.50000000
948 66 1074.00000000 1080.50000000
960 66 1074.00000000 1080.50000000
972 66 1074.00000000 1080.50000000
984 66 1076.00000000 1080.50000000
996 66 1076.00000000 1080.50000000
1008 66 1077.50000000 1084.50000000
1020 66 1079.00000000 1084.50000000
1032 66 1083.00000000 1091.50000000
816 9 652.00000000 1296.50000000
828 9 654.00000000 1296.50000000
840 9 655.00000000 1296.50000000
852 9 657.00000000 1296.50000000
864 9 658.50000000 1296.50000000
876 9 660.00000000 1296.50000000
888 9 662.00000000 1296.50000000
900 9 664.00000000 1298.50000000
912 9 669.00000000 1295.00000000
924 9 671.00000000 1295.00000000
936 9 666.00000000 1295.00000000
948 9 657.00000000 1291.00000000
960 9 646.00000000 1287.50000000
972 9 674.50000000 1291.00000000
984 9 669.00000000 1291.00000000
996 9 664.00000000 1295.00000000
1008 9 658.50000000 1295.00000000
1020 9 653.50000000 1297.00000000
1032 9 647.00000000 1300.00000000
1044 9 640.50000000 1302.00000000
828 44 722.00000000 1293.00000000
840 44 722.50000000 1293.00000000
852 44 723.50000000 1293.00000000
864 44 725.00000000 1293.00000000
876 44 725.00000000 1293.00000000
888 44 727.00000000 1293.00000000
900 44 729.00000000 1294.50000000
912 44 731.00000000 1291.50000000
924 44 732.50000000 1291.50000000
936 44 727.00000000 1291.50000000
948 44 722.00000000 1291.50000000
960 44 716.50000000 1291.50000000
972 44 747.00000000 1276.50000000
984 44 741.50000000 1283.50000000
996 44 736.00000000 1291.50000000
1008 44 732.50000000 1291.50000000
1020 44 727.00000000 1293.00000000
1032 44 722.00000000 1295.00000000
1044 44 716.50000000 1295.00000000
1056 44 712.00000000 1297.00000000
