72 1 407.50000000 1026.00000000
84 1 427.50000000 1029.00000000
96 1 448.50000000 1033.00000000
108 1 468.50000000 1037.00000000
120 1 487.50000000 1040.00000000
132 1 499.50000000 1044.00000000
144 1 510.50000000 1048.00000000
156 1 520.50000000 1048.00000000
168 1 532.50000000 1051.00000000
180 1 542.50000000 1051.00000000
192 1 553.50000000 1055.00000000
204 1 565.50000000 1059.00000000
216 1 576.50000000 1051.00000000
228 1 589.50000000 1044.00000000
240 1 599.50000000 1040.00000000
252 1 609.50000000 1037.00000000
264 1 619.50000000 1037.00000000
276 1 629.50000000 1033.00000000
288 1 639.50000000 1033.00000000
300 1 649.50000000 1029.00000000
72 11 237.50000000 939.50000000
84 11 256.50000000 939.50000000
96 11 272.50000000 939.50000000
108 11 290.50000000 939.50000000
120 11 303.50000000 935.50000000
132 11 313.50000000 935.50000000
144 11 325.50000000 935.50000000
156 11 336.50000000 935.50000000
168 11 348.50000000 932.50000000
180 11 359.50000000 932.50000000
192 11 371.50000000 932.50000000
204 11 382.50000000 932.50000000
216 11 392.50000000 932.50000000
228 11 402.50000000 932.50000000
240 11 412.50000000 935.50000000
252 11 422.50000000 935.50000000
264 11 432.00000000 939.50000000
276 11 441.50000000 939.50000000
288 11 451.50000000 943.50000000
300 11 461.50000000 943.50000000
72 25 616.50000000 866.50000000
84 25 621.50000000 862.50000000
96 25 626.00000000 858.50000000
108 25 634.50000000 851.50000000
120 25 644.50000000 840.50000000
132 25 645.50000000 829.50000000
144 25 642.50000000 822.50000000
156 25 639.50000000 814.50000000
168 25 631.50000000 805.50000000
180 25 623.50000000 796.50000000
192 25 613.50000000 785.50000000
204 25 605.50000000 778.00000000
216 25 595.50000000 771.00000000
228 25 585.50000000 760.00000000
240 25 577.50000000 752.50000000
252 25 567.50000000 741.50000000
264 25 559.50000000 730.50000000
276 25 548.00000000 723.00000000
288 25 538.00000000 716.00000000
300 25 528.50000000 708.50000000
72 30 875.00000000 893.50000000
84 30 902.00000000 890.00000000
96 30 927.50000000 886.00000000
108 30 954.00000000 882.50000000
120 30 980.00000000 879.00000000
132 30 995.00000000 884.50000000
144 30 1005.00000000 888.00000000
156 30 1002.00000000 888.00000000
168 30 998.50000000 888.00000000
180 30 995.00000000 888.00000000
192 30 992.00000000 888.00000000
204 30 989.00000000 884.50000000
216 30 985.00000000 884.50000000
228 30 982.00000000 884.50000000
240 30 979.00000000 884.50000000
252 30 975.50000000 884.50000000
264 30 972.00000000 881.00000000
276 30 969.00000000 881.00000000
288 30 966.00000000 881.00000000
300 30 962.00000000 881.00000000
72 34 877.50000000 928.50000000
84 34 904.00000000 932.50000000
96 34 930.00000000 935.50000000
108 34 958.00000000 939.50000000
120 34 984.50000000 939.50000000
132 34 998.00000000 939.50000000
144 34 1006.00000000 939.50000000
156 34 1002.50000000 939.50000000
168 34 998.00000000 939.50000000
180 34 994.50000000 939.50000000
192 34 991.00000000 939.50000000
204 34 986.00000000 939.50000000
216 34 983.00000000 939.50000000
228 34 979.50000000 939.50000000
240 34 975.00000000 939.50000000
252 34 971.50000000 939.50000000
264 34 968.00000000 939.50000000
276 34 963.00000000 939.50000000
288 34 960.00000000 939.50000000
300 34 956.50000000 939.50000000
72 44 919.50000000 958.00000000
84 44 947.00000000 963.00000000
96 44 973.50000000 970.50000000
108 44 1000.00000000 976.50000000
120 44 1026.50000000 981.50000000
132 44 1026.50000000 985.50000000
144 44 1025.00000000 985.50000000
156 44 1023.00000000 985.50000000
168 44 1020.00000000 985.50000000
180 44 1018.50000000 985.50000000
192 44 1016.50000000 985.50000000
204 44 1003.50000000 981.50000000
216 44 990.50000000 978.00000000
228 44 980.50000000 978.00000000
240 44 972.00000000 978.00000000
252 44 964.00000000 978.00000000
264 44 955.50000000 981.50000000
276 44 946.00000000 981.50000000
288 44 937.50000000 981.50000000
300 44 929.50000000 981.50000000
72 48 915.50000000 987.00000000
84 48 940.50000000 994.50000000
96 48 964.50000000 1002.00000000
108 48 989.50000000 1009.00000000
120 48 1012.50000000 1013.00000000
132 48 1015.00000000 1016.50000000
144 48 1015.00000000 1016.50000000
156 48 1015.00000000 1016.50000000
168 48 1015.00000000 1018.00000000
180 48 1015.00000000 1018.00000000
192 48 1015.00000000 1018.00000000
204 48 998.50000000 1016.50000000
216 48 982.00000000 1011.00000000
228 48 972.50000000 1011.00000000
240 48 964.00000000 1011.00000000
252 48 955.50000000 1011.00000000
264 48 947.50000000 1011.00000000
276 48 937.50000000 1011.00000000
288 48 929.50000000 1011.00000000
300 48 921.50000000 1011.00000000
72 58 20.00000000 102.00000000
84 58 23.00000000 117.00000000
96 58 25.00000000 131.00000000
108 58 28.00000000 146.00000000
120 58 30.00000000 161.00000000
132 58 32.00000000 175.00000000
144 58 32.00000000 194.00000000
156 58 33.00000000 208.00000000
168 58 33.00000000 223.00000000
180 58 35.00000000 241.00000000
192 58 35.00000000 256.00000000
204 58 36.50000000 274.00000000
216 58 36.50000000 285.00000000
228 58 36.50000000 296.00000000
240 58 36.50000000 307.00000000
252 58 36.50000000 318.00000000
264 58 36.50000000 329.00000000
276 58 38.00000000 340.00000000
288 58 38.00000000 351.00000000
300 58 38.00000000 362.00000000
72 60 606.50000000 910.50000000
84 60 616.00000000 912.00000000
96 60 627.00000000 914.00000000
108 60 637.50000000 916.00000000
120 60 647.50000000 917.50000000
132 60 649.00000000 915.50000000
144 60 646.00000000 915.50000000
156 60 637.50000000 915.50000000
168 60 629.00000000 915.50000000
180 60 619.50000000 915.50000000
192 60 611.00000000 915.50000000
204 60 603.00000000 912.00000000
216 60 595.00000000 908.50000000
228 60 586.50000000 908.50000000
240 60 575.00000000 908.50000000
252 60 565.00000000 908.50000000
264 60 554.00000000 908.50000000
276 60 544.00000000 908.50000000
288 60 532.00000000 908.50000000
300 60 527.50000000 893.50000000
72 63 608.50000000 954.00000000
84 63 618.50000000 954.00000000
96 63 627.00000000 950.50000000
108 63 636.50000000 950.50000000
120 63 646.50000000 950.50000000
132 63 648.50000000 950.50000000
144 63 646.50000000 950.50000000
156 63 638.50000000 950.50000000
168 63 630.00000000 947.00000000
180 63 620.50000000 947.00000000
192 63 612.00000000 947.00000000
204 63 605.50000000 947.00000000
216 63 599.00000000 947.00000000
228 63 594.00000000 947.00000000
240 63 584.00000000 943.00000000
252 63 574.50000000 939.50000000
264 63 564.50000000 936.00000000
276 63 556.00000000 932.00000000
288 63 546.50000000 928.50000000
300 63 536.50000000 925.00000000
72 66 734.50000000 882.50000000
84 66 747.50000000 882.50000000
96 66 762.50000000 886.50000000
108 66 775.50000000 890.00000000
120 66 790.50000000 890.00000000
132 66 787.50000000 893.50000000
144 66 782.50000000 893.50000000
156 66 777.50000000 893.50000000
168 66 774.00000000 893.50000000
180 66 769.50000000 893.50000000
192 66 764.50000000 893.50000000
204 66 741.50000000 882.50000000
216 66 729.50000000 886.50000000
228 66 719.50000000 890.00000000
240 66 709.50000000 886.50000000
252 66 700.00000000 886.50000000
264 66 690.50000000 886.50000000
276 66 682.00000000 882.50000000
288 66 672.50000000 882.50000000
300 66 662.50000000 882.50000000
96 53 49.00000000 1496.50000000
108 53 54.00000000 1507.50000000
120 53 60.50000000 1522.50000000
132 53 67.00000000 1536.50000000
144 53 78.50000000 1544.50000000
156 53 91.50000000 1555.50000000
168 53 100.00000000 1555.50000000
180 53 108.00000000 1558.50000000
192 53 116.00000000 1562.50000000
204 53 124.50000000 1569.50000000
216 53 133.00000000 1577.50000000
228 53 141.00000000 1584.50000000
240 53 151.00000000 1595.50000000
252 53 159.00000000 1606.50000000
264 53 165.50000000 1613.50000000
276 53 172.00000000 1617.50000000
288 53 179.00000000 1624.50000000
300 53 188.50000000 1632.50000000
312 53 197.00000000 1639.50000000
324 53 207.00000000 1643.50000000
96 55 981.00000000 1193.50000000
108 55 1008.50000000 1174.00000000
120 55 1039.50000000 1163.00000000
132 55 1067.50000000 1155.50000000
144 55 1084.00000000 1148.50000000
156 55 1095.50000000 1137.50000000
168 55 1100.50000000 1130.00000000
180 55 1107.00000000 1119.00000000
192 55 1112.00000000 1112.00000000
204 55 1112.00000000 1101.00000000
216 55 1112.00000000 1086.00000000
228 55 1113.50000000 1075.00000000
240 55 1118.50000000 1068.00000000
252 55 1122.00000000 1057.00000000
264 55 1128.50000000 1046.00000000
276 55 1138.50000000 1038.50000000
288 55 1149.00000000 1027.50000000
300 55 1158.00000000 1016.50000000
312 55 1162.27000000 1016.02000000
324 55 1152.59000000 1025.09000000
120 18 1108.50000000 1007.50000000
132 18 1153.50000000 1003.50000000
144 18 1153.50000000 1000.00000000
156 18 1153.50000000 992.50000000
168 18 1153.50000000 985.50000000
180 18 1153.50000000 981.50000000
192 18 1153.50000000 974.50000000
204 18 1150.50000000 967.00000000
216 18 1142.50000000 956.00000000
228 18 1127.50000000 948.50000000
240 18 1119.50000000 948.50000000
252 18 1111.50000000 948.50000000
264 18 1102.50000000 948.50000000
276 18 1096.50000000 948.50000000
288 18 1088.50000000 948.50000000
300 18 1079.50000000 948.50000000
312 18 1073.50000000 948.50000000
324 18 1058.50000000 948.50000000
336 18 1045.50000000 948.50000000
348 18 1032.50000000 948.50000000
120 71 972.50000000 915.50000000
132 71 992.00000000 915.50000000
144 71 1006.50000000 915.50000000
156 71 1003.50000000 915.50000000
168 71 998.50000000 915.50000000
180 71 995.50000000 915.50000000
192 71 991.50000000 917.50000000
204 71 987.00000000 916.00000000
216 71 983.50000000 916.00000000
228 71 979.50000000 917.50000000
240 71 975.50000000 917.50000000
252 71 971.50000000 917.50000000
264 71 968.50000000 915.50000000
276 71 964.00000000 917.50000000
288 71 959.50000000 917.50000000
300 71 956.50000000 917.50000000
312 71 953.50000000 919.50000000
324 71 945.50000000 915.50000000
336 71 938.50000000 912.00000000
348 71 931.50000000 912.00000000
156 54 280.50000000 904.50000000
168 54 269.50000000 901.00000000
180 54 257.50000000 901.00000000
192 54 247.50000000 901.00000000
204 54 238.00000000 901.00000000
216 54 226.50000000 904.50000000
228 54 216.50000000 904.50000000
240 54 206.50000000 904.50000000
252 54 195.50000000 904.50000000
264 54 185.50000000 904.50000000
276 54 173.50000000 901.00000000
288 54 164.00000000 901.00000000
300 54 152.50000000 897.50000000
312 54 142.50000000 897.50000000
324 54 132.50000000 897.50000000
336 54 121.50000000 893.50000000
348 54 111.50000000 893.50000000
360 54 98.50000000 890.00000000
372 54 85.00000000 890.00000000
384 54 71.50000000 886.50000000
204 8 22.50000000 996.50000000
216 8 32.50000000 992.50000000
228 8 44.00000000 992.50000000
240 8 54.00000000 992.50000000
252 8 65.00000000 989.00000000
264 8 77.00000000 989.00000000
276 8 87.00000000 989.00000000
288 8 98.00000000 985.50000000
300 8 110.00000000 985.50000000
312 8 119.50000000 985.50000000
324 8 131.00000000 981.50000000
336 8 142.50000000 981.50000000
348 8 152.50000000 981.50000000
360 8 164.00000000 978.00000000
372 8 175.50000000 978.00000000
384 8 185.00000000 978.00000000
396 8 197.00000000 974.50000000
408 8 208.50000000 974.50000000
420 8 218.00000000 974.50000000
432 8 230.00000000 970.50000000
204 15 63.00000000 992.50000000
216 15 73.00000000 989.00000000
228 15 84.00000000 989.00000000
240 15 94.00000000 989.00000000
252 15 105.50000000 989.00000000
264 15 115.50000000 989.00000000
276 15 127.00000000 989.00000000
288 15 137.00000000 989.00000000
300 15 148.00000000 989.00000000
312 15 160.00000000 985.50000000
324 15 170.00000000 985.50000000
336 15 181.00000000 985.50000000
348 15 191.00000000 985.50000000
360 15 203.00000000 985.50000000
372 15 212.50000000 985.50000000
384 15 224.00000000 985.50000000
396 15 235.50000000 985.50000000
408 15 245.00000000 981.50000000
420 15 257.00000000 981.50000000
432 15 267.00000000 981.50000000
204 38 26.50000000 1007.50000000
216 38 36.50000000 1003.50000000
228 38 48.00000000 1003.50000000
240 38 58.00000000 1003.50000000
252 38 69.50000000 1003.50000000
264 38 81.00000000 1000.00000000
276 38 91.00000000 1000.00000000
288 38 102.50000000 1000.00000000
300 38 112.00000000 1000.00000000
312 38 123.50000000 1000.00000000
324 38 135.00000000 996.50000000
336 38 145.00000000 996.50000000
348 38 156.50000000 996.50000000
360 38 166.50000000 996.50000000
372 38 178.00000000 996.50000000
384 38 189.50000000 992.50000000
396 38 199.50000000 992.50000000
408 38 211.00000000 992.50000000
420 38 220.50000000 992.50000000
432 38 232.00000000 992.50000000
204 41 58.00000000 1024.00000000
216 41 68.00000000 1020.00000000
228 41 79.00000000 1020.00000000
240 41 89.00000000 1020.00000000
252 41 101.00000000 1020.00000000
264 41 112.00000000 1020.00000000
276 41 122.00000000 1020.00000000
288 41 133.50000000 1020.00000000
300 41 143.00000000 1020.00000000
312 41 155.00000000 1020.00000000
324 41 166.50000000 1020.00000000
336 41 176.00000000 1020.00000000
348 41 188.00000000 1020.00000000
360 41 198.00000000 1020.00000000
372 41 209.00000000 1020.00000000
384 41 221.00000000 1020.00000000
396 41 230.50000000 1020.00000000
408 41 242.00000000 1020.00000000
420 41 252.00000000 1020.00000000
432 41 263.50000000 1020.00000000
204 52 258.50000000 1207.00000000
216 52 265.00000000 1210.50000000
228 52 273.50000000 1214.00000000
240 52 280.00000000 1218.00000000
252 52 288.00000000 1221.50000000
264 52 294.50000000 1225.00000000
276 52 303.00000000 1229.00000000
288 52 309.50000000 1232.50000000
300 52 317.50000000 1236.00000000
312 52 319.50000000 1240.00000000
324 52 319.50000000 1240.00000000
336 52 319.50000000 1240.00000000
348 52 319.50000000 1240.00000000
360 52 319.50000000 1240.00000000
372 52 319.50000000 1240.00000000
384 52 319.50000000 1240.00000000
396 52 319.50000000 1240.00000000
408 52 319.50000000 1240.00000000
420 52 319.50000000 1240.00000000
432 52 319.50000000 1240.00000000
216 22 524.00000000 1707.50000000
228 22 511.50000000 1707.50000000
240 22 505.00000000 1707.50000000
252 22 498.50000000 1707.50000000
264 22 492.00000000 1707.50000000
276 22 485.50000000 1707.50000000
288 22 480.50000000 1712.50000000
300 22 475.50000000 1718.50000000
312 22 472.50000000 1720.00000000
324 22 467.50000000 1726.00000000
336 22 461.00000000 1727.50000000
348 22 451.00000000 1724.00000000
360 22 441.50000000 1718.50000000
372 22 432.00000000 1716.50000000
384 22 423.50000000 1714.50000000
396 22 422.50000000 1722.00000000
408 22 418.50000000 1726.00000000
420 22 413.10000000 1723.80000000
432 22 406.63000000 1721.15000000
444 22 400.15000000 1718.51000000
312 2 660.50000000 1029.00000000
324 2 665.50000000 1029.00000000
336 2 672.50000000 1029.00000000
348 2 678.50000000 1029.00000000
360 2 685.50000000 1033.00000000
372 2 691.50000000 1033.00000000
384 2 698.50000000 1033.00000000
396 2 704.50000000 1033.00000000
408 2 730.50000000 1027.50000000
420 2 767.00000000 1016.50000000
432 2 780.50000000 1029.00000000
444 2 788.50000000 1026.00000000
456 2 797.50000000 1026.00000000
468 2 805.50000000 1026.00000000
480 2 813.50000000 1026.00000000
492 2 821.50000000 1026.00000000
504 2 830.50000000 1022.00000000
516 2 840.50000000 1022.00000000
528 2 850.50000000 1022.00000000
540 2 860.50000000 1022.00000000
312 12 473.50000000 946.50000000
324 12 481.50000000 946.50000000
336 12 491.50000000 946.50000000
348 12 499.50000000 946.50000000
360 12 509.50000000 946.50000000
372 12 517.50000000 946.50000000
384 12 527.50000000 946.50000000
396 12 537.50000000 946.50000000
408 12 554.50000000 932.50000000
420 12 576.00000000 915.50000000
432 12 587.50000000 915.50000000
444 12 597.50000000 915.50000000
456 12 607.50000000 917.50000000
468 12 617.50000000 917.50000000
480 12 629.50000000 917.50000000
492 12 639.50000000 917.50000000
504 12 650.00000000 913.50000000
516 12 659.00000000 912.00000000
528 12 669.00000000 912.00000000
540 12 678.00000000 908.50000000
312 26 520.00000000 697.50000000
324 26 513.50000000 690.00000000
336 26 503.50000000 683.00000000
348 26 490.50000000 672.00000000
360 26 477.50000000 664.50000000
372 26 464.00000000 657.00000000
384 26 451.00000000 650.00000000
396 26 439.50000000 642.50000000
408 26 429.50000000 631.50000000
420 26 419.50000000 624.00000000
432 26 409.50000000 617.00000000
444 26 400.00000000 606.00000000
456 26 388.50000000 598.50000000
468 26 378.50000000 591.50000000
480 26 367.00000000 587.50000000
492 26 355.50000000 580.50000000
504 26 345.50000000 574.50000000
516 26 335.50000000 571.00000000
528 26 325.00000000 566.00000000
540 26 312.00000000 558.00000000
312 31 959.00000000 881.00000000
324 31 951.00000000 877.00000000
336 31 943.00000000 877.00000000
348 31 934.00000000 877.00000000
360 31 926.00000000 877.00000000
372 31 918.00000000 877.00000000
384 31 910.00000000 877.00000000
396 31 903.00000000 877.00000000
408 31 913.00000000 873.50000000
420 31 934.00000000 873.50000000
432 31 931.00000000 873.50000000
444 31 926.00000000 873.50000000
456 31 921.00000000 873.50000000
468 31 915.00000000 873.50000000
480 31 910.00000000 873.50000000
492 31 905.00000000 873.50000000
504 31 900.00000000 873.50000000
516 31 895.00000000 873.50000000
528 31 890.00000000 873.50000000
540 31 885.00000000 875.50000000
312 35 953.00000000 943.50000000
324 35 945.00000000 939.50000000
336 35 937.00000000 939.50000000
348 35 928.50000000 935.50000000
360 35 922.00000000 935.50000000
372 35 914.00000000 932.50000000
384 35 905.50000000 932.50000000
396 35 897.50000000 932.50000000
408 35 910.50000000 925.00000000
420 35 937.50000000 919.50000000
432 35 935.00000000 919.50000000
444 35 929.50000000 923.00000000
456 35 924.50000000 927.00000000
468 35 919.00000000 928.50000000
480 35 914.00000000 932.00000000
492 35 909.00000000 934.00000000
504 35 902.00000000 936.00000000
516 35 897.50000000 936.00000000
528 35 892.00000000 936.00000000
540 35 886.00000000 936.00000000
312 45 921.00000000 985.50000000
324 45 911.50000000 981.50000000
336 45 902.50000000 979.50000000
348 45 893.50000000 976.50000000
360 45 884.50000000 974.50000000
372 45 862.50000000 974.50000000
384 45 844.50000000 976.00000000
396 45 838.50000000 976.00000000
408 45 844.50000000 969.00000000
420 45 864.50000000 961.50000000
432 45 853.00000000 961.50000000
444 45 839.50000000 961.50000000
456 45 828.50000000 961.50000000
468 45 818.50000000 961.50000000
480 45 808.50000000 961.50000000
492 45 798.50000000 961.50000000
504 45 788.50000000 958.00000000
516 45 777.50000000 958.00000000
528 45 765.50000000 954.00000000
540 45 754.50000000 952.50000000
312 49 913.00000000 1011.00000000
324 49 900.00000000 1007.00000000
336 49 886.50000000 1007.00000000
348 49 875.50000000 1007.00000000
360 49 862.00000000 1007.00000000
372 49 849.00000000 1011.00000000
384 49 835.50000000 1011.00000000
396 49 824.50000000 1004.00000000
408 49 834.00000000 996.00000000
420 49 857.00000000 993.00000000
432 49 849.00000000 993.00000000
444 49 835.50000000 993.00000000
456 49 822.50000000 996.00000000
468 49 811.00000000 996.00000000
480 49 798.00000000 996.00000000
492 49 786.50000000 996.00000000
504 49 773.50000000 993.00000000
516 49 763.50000000 993.00000000
528 49 753.50000000 993.00000000
540 49 743.50000000 993.00000000
312 59 38.00000000 373.00000000
324 59 38.00000000 384.00000000
336 59 40.00000000 395.00000000
348 59 40.00000000 406.00000000
360 59 40.00000000 417.00000000
372 59 40.00000000 428.00000000
384 59 40.00000000 439.00000000
396 59 40.00000000 450.00000000
408 59 40.00000000 465.00000000
420 59 40.00000000 476.00000000
432 59 40.00000000 487.00000000
444 59 40.00000000 498.00000000
456 59 40.00000000 509.00000000
468 59 40.00000000 520.00000000
480 59 40.00000000 531.00000000
492 59 40.00000000 542.00000000
504 59 38.00000000 551.00000000
516 59 36.00000000 562.00000000
528 59 34.00000000 573.00000000
540 59 31.50000000 584.00000000
312 61 524.00000000 879.00000000
324 61 512.50000000 893.50000000
336 61 501.00000000 893.50000000
348 61 488.00000000 893.50000000
360 61 476.50000000 893.50000000
372 61 465.00000000 893.50000000
384 61 453.50000000 893.50000000
396 61 442.00000000 879.00000000
408 61 438.50000000 875.50000000
420 61 438.50000000 879.00000000
432 61 432.00000000 875.50000000
444 61 425.50000000 871.50000000
456 61 412.00000000 875.50000000
468 61 394.00000000 882.50000000
480 61 383.00000000 882.50000000
492 61 371.00000000 879.00000000
504 61 359.50000000 875.50000000
516 61 350.00000000 873.50000000
528 61 339.00000000 869.50000000
540 61 329.50000000 868.00000000
312 64 528.50000000 925.00000000
324 64 516.50000000 921.00000000
336 64 505.50000000 917.50000000
348 64 493.50000000 917.50000000
360 64 482.00000000 914.00000000
372 64 470.50000000 914.00000000
384 64 459.00000000 910.00000000
396 64 447.50000000 910.00000000
408 64 439.50000000 906.50000000
420 64 434.50000000 906.50000000
432 64 428.00000000 906.50000000
444 64 423.00000000 906.50000000
456 64 414.50000000 906.50000000
468 64 401.50000000 906.50000000
480 64 388.50000000 906.50000000
492 64 375.50000000 906.50000000
504 64 362.00000000 906.50000000
516 64 352.50000000 903.00000000
528 64 340.50000000 899.00000000
540 64 330.50000000 899.00000000
312 67 654.00000000 882.50000000
324 67 640.50000000 879.00000000
336 67 629.50000000 879.00000000
348 67 617.50000000 879.00000000
360 67 606.50000000 879.00000000
372 67 593.50000000 879.00000000
384 67 581.50000000 879.00000000
396 67 570.50000000 879.00000000
408 67 561.50000000 875.50000000
420 67 557.00000000 875.50000000
432 67 550.50000000 871.50000000
444 67 545.50000000 871.50000000
456 67 537.50000000 871.50000000
468 67 524.50000000 871.50000000
480 67 510.50000000 871.50000000
492 67 499.50000000 871.50000000
504 67 486.50000000 871.50000000
516 67 474.00000000 873.50000000
528 67 463.00000000 873.50000000
540 67 451.00000000 875.00000000
360 19 1019.50000000 948.50000000
372 19 1005.50000000 948.50000000
384 19 992.50000000 948.50000000
396 19 979.50000000 948.50000000
408 19 989.50000000 945.00000000
420 19 1015.50000000 945.00000000
432 19 1007.50000000 945.00000000
444 19 996.50000000 948.50000000
456 19 984.50000000 948.50000000
468 19 973.50000000 952.50000000
480 19 959.50000000 952.50000000
492 19 948.50000000 956.00000000
504 19 936.50000000 956.00000000
516 19 926.00000000 956.00000000
528 19 914.50000000 956.00000000
540 19 903.00000000 956.00000000
552 19 891.50000000 954.00000000
564 19 881.00000000 952.50000000
576 19 869.50000000 952.50000000
588 19 858.00000000 950.50000000
360 72 925.50000000 908.50000000
372 72 918.50000000 908.50000000
384 72 912.50000000 904.50000000
396 72 905.50000000 904.50000000
408 72 917.50000000 901.00000000
420 72 938.50000000 897.50000000
432 72 935.50000000 897.50000000
444 72 930.50000000 901.00000000
456 72 923.50000000 904.50000000
468 72 918.50000000 908.50000000
480 72 912.50000000 912.00000000
492 72 907.50000000 915.50000000
504 72 902.50000000 915.50000000
516 72 897.50000000 915.50000000
528 72 892.50000000 915.50000000
540 72 888.50000000 915.50000000
552 72 883.50000000 912.00000000
564 72 878.50000000 912.00000000
576 72 874.50000000 912.00000000
588 72 869.50000000 908.50000000
408 56 20.00000000 1474.50000000
420 56 27.00000000 1485.50000000
432 56 35.00000000 1500.00000000
444 56 43.00000000 1515.00000000
456 56 51.00000000 1526.00000000
468 56 58.00000000 1537.00000000
480 56 64.50000000 1544.00000000
492 56 73.00000000 1555.00000000
504 56 78.50000000 1562.50000000
516 56 84.50000000 1566.50000000
528 56 90.50000000 1571.50000000
540 56 99.00000000 1579.00000000
552 56 109.00000000 1590.00000000
564 56 118.50000000 1601.00000000
576 56 130.50000000 1612.00000000
588 56 140.00000000 1623.00000000
600 56 150.00000000 1634.00000000
612 56 160.00000000 1645.00000000
624 56 168.00000000 1656.00000000
636 56 178.00000000 1667.00000000
444 9 239.50000000 970.50000000
456 9 251.00000000 970.50000000
468 9 262.50000000 967.00000000
480 9 272.50000000 967.00000000
492 9 284.00000000 967.00000000
504 9 295.50000000 965.00000000
516 9 306.50000000 965.00000000
528 9 317.50000000 965.00000000
540 9 329.50000000 965.00000000
552 9 339.50000000 965.00000000
564 9 351.50000000 965.00000000
576 9 363.50000000 965.00000000
588 9 375.50000000 965.00000000
600 9 386.00000000 965.00000000
612 9 397.50000000 965.00000000
624 9 409.50000000 960.00000000
636 9 422.00000000 954.00000000
648 9 434.50000000 948.50000000
660 9 447.50000000 943.50000000
672 9 449.50000000 946.50000000
444 16 278.00000000 981.50000000
456 16 288.00000000 981.50000000
468 16 300.00000000 981.50000000
480 16 311.00000000 981.50000000
492 16 321.00000000 981.50000000
504 16 332.50000000 981.50000000
516 16 343.00000000 981.50000000
528 16 355.50000000 983.50000000
540 16 367.00000000 983.50000000
552 16 377.50000000 985.00000000
564 16 390.00000000 985.00000000
576 16 401.50000000 987.00000000
588 16 413.00000000 987.00000000
600 16 425.00000000 989.00000000
612 16 436.00000000 989.00000000
624 16 449.00000000 985.50000000
636 16 461.00000000 981.50000000
648 16 474.00000000 974.50000000
660 16 487.00000000 970.50000000
672 16 485.00000000 970.50000000
444 39 243.50000000 989.00000000
456 39 253.50000000 989.00000000
468 39 265.00000000 989.00000000
480 39 275.00000000 989.00000000
492 39 286.50000000 989.00000000
504 39 298.00000000 989.00000000
516 39 308.50000000 989.00000000
528 39 319.50000000 989.00000000
540 39 331.00000000 991.00000000
552 39 341.50000000 991.00000000
564 39 352.50000000 993.00000000
576 39 363.50000000 993.00000000
588 39 374.50000000 994.50000000
600 39 386.00000000 994.50000000
612 39 397.00000000 994.50000000
624 39 410.00000000 991.00000000
636 39 425.00000000 987.00000000
648 39 438.00000000 980.00000000
660 39 453.00000000 976.00000000
672 39 453.00000000 980.00000000
444 42 275.00000000 1020.00000000
456 42 285.00000000 1020.00000000
468 42 296.00000000 1020.00000000
480 42 306.00000000 1020.00000000
492 42 318.00000000 1020.00000000
504 42 329.00000000 1016.50000000
516 42 341.50000000 1016.50000000
528 42 354.00000000 1016.50000000
540 42 366.50000000 1013.00000000
552 42 378.50000000 1013.00000000
564 42 392.00000000 1013.00000000
576 42 404.00000000 1009.00000000
588 42 416.50000000 1009.00000000
600 42 428.50000000 1009.00000000
612 42 441.00000000 1009.00000000
624 42 452.50000000 1009.00000000
636 42 465.50000000 1009.00000000
648 42 477.50000000 1013.00000000
660 42 490.50000000 1013.00000000
672 42 487.00000000 1016.50000000
456 23 393.68000000 1715.87000000
468 23 387.20000000 1713.22000000
480 23 380.73000000 1710.58000000
492 23 374.25000000 1707.94000000
504 23 367.78000000 1705.29000000
516 23 361.30000000 1702.65000000
528 23 354.83000000 1700.00000000
540 23 348.35000000 1697.36000000
552 23 341.88000000 1694.72000000
564 23 335.40000000 1692.07000000
576 23 328.93000000 1689.43000000
588 23 322.45000000 1686.79000000
600 23 315.98000000 1684.14000000
612 23 309.50000000 1681.50000000
624 23 301.00000000 1678.00000000
636 23 295.00000000 1674.50000000
648 23 288.00000000 1674.50000000
660 23 281.50000000 1670.50000000
672 23 275.00000000 1667.00000000
684 23 255.00000000 1645.00000000
456 69 617.00000000 888.00000000
468 69 627.00000000 888.00000000
480 69 636.50000000 888.00000000
492 69 646.50000000 888.00000000
504 69 656.50000000 884.50000000
516 69 666.50000000 882.50000000
528 69 676.50000000 881.00000000
540 69 686.00000000 879.00000000
552 69 696.00000000 877.50000000
564 69 705.50000000 873.50000000
576 69 716.50000000 871.50000000
588 69 726.50000000 869.50000000
600 69 736.00000000 868.00000000
612 69 747.00000000 864.50000000
624 69 756.50000000 862.50000000
636 69 767.50000000 862.50000000
648 69 777.00000000 859.00000000
660 69 787.00000000 857.00000000
672 69 789.00000000 857.00000000
684 69 779.00000000 857.00000000
552 3 870.50000000 1022.00000000
564 3 880.00000000 1022.00000000
576 3 891.00000000 1022.00000000
588 3 901.00000000 1022.00000000
600 3 910.50000000 1022.00000000
612 3 920.50000000 1022.00000000
624 3 930.00000000 1022.00000000
636 3 941.00000000 1022.00000000
648 3 951.00000000 1022.00000000
660 3 961.00000000 1022.00000000
672 3 966.00000000 1015.00000000
684 3 952.00000000 1004.00000000
696 3 913.00000000 1004.00000000
708 3 874.00000000 1004.00000000
720 3 852.00000000 1007.00000000
732 3 836.00000000 1007.00000000
744 3 818.00000000 1004.00000000
756 3 793.00000000 1004.00000000
768 3 770.00000000 1004.00000000
780 3 775.00000000 1007.00000000
552 13 687.00000000 906.50000000
564 13 697.50000000 903.00000000
576 13 709.50000000 895.50000000
588 13 722.50000000 890.00000000
600 13 732.50000000 888.00000000
612 13 742.50000000 886.00000000
624 13 751.50000000 884.50000000
636 13 761.50000000 881.00000000
648 13 771.50000000 877.00000000
660 13 784.50000000 877.00000000
672 13 796.50000000 884.50000000
684 13 786.50000000 884.50000000
696 13 774.50000000 881.00000000
708 13 765.00000000 881.00000000
720 13 751.50000000 881.00000000
732 13 735.50000000 881.00000000
744 13 724.00000000 881.00000000
756 13 719.00000000 881.00000000
768 13 714.00000000 881.00000000
780 13 710.50000000 881.00000000
552 27 300.50000000 551.00000000
564 27 289.00000000 540.00000000
576 27 276.00000000 533.00000000
588 27 264.00000000 525.50000000
600 27 254.50000000 518.00000000
612 27 248.00000000 518.00000000
624 27 238.00000000 511.00000000
636 27 226.50000000 503.50000000
648 27 213.00000000 496.00000000
660 27 202.00000000 489.00000000
672 27 190.00000000 478.00000000
684 27 177.00000000 467.00000000
696 27 164.00000000 456.00000000
708 27 151.00000000 445.00000000
720 27 141.00000000 441.00000000
732 27 131.00000000 441.00000000
744 27 121.00000000 435.50000000
756 27 108.00000000 426.50000000
768 27 95.00000000 415.50000000
780 27 83.00000000 403.00000000
552 32 881.00000000 875.50000000
564 32 876.00000000 875.50000000
576 32 871.00000000 877.50000000
588 32 866.00000000 879.00000000
600 32 863.00000000 879.00000000
612 32 858.00000000 880.50000000
624 32 853.00000000 880.50000000
636 32 848.50000000 882.50000000
648 32 844.00000000 882.50000000
660 32 839.00000000 882.50000000
672 32 822.50000000 886.50000000
684 32 791.50000000 890.00000000
696 32 758.50000000 890.00000000
708 32 727.50000000 893.50000000
720 32 699.50000000 897.50000000
732 32 676.50000000 901.00000000
744 32 656.50000000 901.00000000
756 32 636.50000000 901.00000000
768 32 617.00000000 901.00000000
780 32 600.50000000 897.50000000
552 36 881.00000000 936.00000000
564 36 875.00000000 938.00000000
576 36 870.00000000 938.00000000
588 36 864.00000000 938.00000000
600 36 859.00000000 938.00000000
612 36 853.00000000 939.50000000
624 36 847.00000000 939.50000000
636 36 841.50000000 939.50000000
648 36 836.50000000 939.50000000
660 36 831.00000000 939.50000000
672 36 815.00000000 937.50000000
684 36 787.00000000 937.50000000
696 36 759.00000000 937.50000000
708 36 731.00000000 937.50000000
720 36 703.50000000 941.50000000
732 36 672.00000000 952.50000000
744 36 646.00000000 956.00000000
756 36 626.00000000 952.50000000
768 36 606.50000000 948.50000000
780 36 588.00000000 945.00000000
552 46 742.50000000 950.50000000
564 46 731.50000000 948.50000000
576 46 719.00000000 945.00000000
588 46 707.50000000 945.00000000
600 46 696.00000000 941.50000000
612 46 684.50000000 939.50000000
624 46 673.00000000 937.50000000
636 46 661.50000000 935.50000000
648 46 650.00000000 934.00000000
660 46 638.50000000 932.50000000
672 46 618.50000000 932.50000000
684 46 590.50000000 932.50000000
696 46 562.50000000 932.50000000
708 46 533.00000000 932.50000000
720 46 508.50000000 932.50000000
732 46 485.50000000 932.50000000
744 46 459.00000000 935.50000000
756 46 429.50000000 946.50000000
768 46 413.00000000 946.50000000
780 46 403.00000000 946.50000000
552 50 733.50000000 993.00000000
564 50 724.00000000 991.00000000
576 50 712.50000000 991.00000000
588 50 702.50000000 991.00000000
600 50 692.50000000 991.00000000
612 50 682.50000000 989.00000000
624 50 673.00000000 989.00000000
636 50 661.50000000 989.00000000
648 50 651.50000000 989.00000000
660 50 641.50000000 989.00000000
672 50 625.50000000 985.50000000
684 50 597.50000000 985.50000000
696 50 571.00000000 985.50000000
708 50 543.00000000 985.50000000
720 50 518.50000000 981.50000000
732 50 497.00000000 981.50000000
744 50 469.00000000 981.50000000
756 50 429.50000000 981.50000000
768 50 407.50000000 967.00000000
780 50 397.50000000 974.50000000
552 62 318.50000000 866.50000000
564 62 307.50000000 862.50000000
576 62 297.50000000 860.50000000
588 62 286.50000000 857.00000000
600 62 276.50000000 857.00000000
612 62 266.50000000 857.00000000
624 62 257.00000000 857.00000000
636 62 247.00000000 857.00000000
648 62 237.00000000 857.00000000
660 62 227.50000000 857.00000000
672 62 212.50000000 857.00000000
684 62 196.00000000 860.50000000
696 62 181.50000000 864.50000000
708 62 166.50000000 864.50000000
720 62 151.50000000 868.00000000
732 62 137.00000000 871.50000000
744 62 123.50000000 875.50000000
756 62 110.50000000 879.00000000
768 62 99.00000000 882.50000000
780 62 86.00000000 886.50000000
552 65 318.50000000 895.50000000
564 65 308.00000000 892.00000000
576 65 297.50000000 888.00000000
588 65 285.50000000 884.50000000
600 65 275.50000000 884.50000000
612 65 267.50000000 888.00000000
624 65 259.50000000 888.00000000
636 65 249.50000000 892.00000000
648 65 241.50000000 895.50000000
660 65 233.50000000 895.50000000
672 65 218.50000000 899.00000000
684 65 203.50000000 903.00000000
696 65 188.50000000 906.50000000
708 65 173.50000000 906.50000000
720 65 157.50000000 910.00000000
732 65 142.50000000 914.00000000
744 65 126.50000000 917.50000000
756 65 111.50000000 921.00000000
768 65 96.50000000 925.00000000
780 65 81.50000000 928.50000000
552 68 439.00000000 877.00000000
564 68 427.00000000 879.00000000
576 68 414.50000000 879.00000000
588 68 403.50000000 880.50000000
600 68 390.50000000 882.50000000
612 68 380.50000000 884.50000000
624 68 363.50000000 881.00000000
636 68 349.00000000 881.00000000
648 68 334.00000000 877.00000000
660 68 319.50000000 877.00000000
672 68 303.00000000 877.00000000
684 68 288.00000000 877.00000000
696 68 271.50000000 877.00000000
708 68 255.50000000 877.00000000
720 68 237.00000000 877.00000000
732 68 220.50000000 881.00000000
744 68 202.50000000 884.50000000
756 68 184.50000000 884.50000000
768 68 168.00000000 884.50000000
780 68 151.50000000 884.50000000
600 20 846.00000000 950.50000000
612 20 835.00000000 950.50000000
624 20 823.50000000 948.50000000
636 20 812.00000000 947.00000000
648 20 800.50000000 947.00000000
660 20 789.50000000 947.00000000
672 20 776.50000000 943.00000000
684 20 740.50000000 943.00000000
696 20 702.50000000 939.50000000
708 20 666.50000000 939.50000000
720 20 635.00000000 939.50000000
732 20 607.50000000 939.50000000
744 20 582.50000000 936.00000000
756 20 559.50000000 932.00000000
768 20 538.00000000 928.50000000
780 20 520.00000000 928.50000000
792 20 513.50000000 932.00000000
804 20 506.50000000 939.50000000
816 20 497.00000000 939.50000000
828 20 485.50000000 939.50000000
600 73 865.50000000 908.50000000
612 73 861.00000000 908.50000000
624 73 856.00000000 908.50000000
636 73 851.00000000 904.50000000
648 73 847.00000000 904.50000000
660 73 842.00000000 904.50000000
672 73 826.00000000 904.50000000
684 73 795.00000000 904.50000000
696 73 763.00000000 904.50000000
708 73 732.00000000 904.50000000
720 73 704.00000000 908.50000000
732 73 679.50000000 919.50000000
744 73 658.00000000 923.00000000
756 73 638.00000000 923.00000000
768 73 619.00000000 919.50000000
780 73 601.00000000 915.50000000
792 73 594.00000000 915.50000000
804 73 586.00000000 912.00000000
816 73 578.00000000 908.50000000
828 73 571.00000000 908.50000000
648 57 186.00000000 1681.50000000
660 57 196.00000000 1692.50000000
672 57 202.50000000 1700.00000000
684 57 202.50000000 1689.00000000
696 57 201.00000000 1674.50000000
708 57 201.00000000 1659.50000000
720 57 194.50000000 1645.00000000
732 57 186.00000000 1634.00000000
744 57 178.00000000 1619.50000000
756 57 174.50000000 1612.00000000
768 57 174.50000000 1612.00000000
780 57 176.50000000 1612.00000000
792 57 176.50000000 1612.00000000
804 57 179.50000000 1615.50000000
816 57 187.50000000 1623.00000000
828 57 197.50000000 1626.50000000
840 57 206.00000000 1634.00000000
852 57 214.00000000 1637.50000000
864 57 222.50000000 1645.00000000
876 57 230.50000000 1648.50000000
672 5 1171.00000000 937.50000000
684 5 1130.00000000 930.50000000
696 5 1061.00000000 930.50000000
708 5 1021.50000000 930.50000000
720 5 964.00000000 937.50000000
732 5 934.00000000 930.50000000
744 5 900.00000000 932.00000000
756 5 859.50000000 934.00000000
768 5 820.00000000 934.00000000
780 5 814.00000000 934.00000000
792 5 814.00000000 936.00000000
804 5 814.00000000 937.50000000
816 5 806.00000000 937.50000000
828 5 795.00000000 934.00000000
840 5 783.00000000 930.50000000
852 5 770.00000000 926.50000000
864 5 758.00000000 919.50000000
876 5 747.00000000 915.50000000
888 5 734.00000000 912.00000000
900 5 722.00000000 908.50000000
672 6 1171.00000000 1005.50000000
684 6 1128.50000000 978.00000000
696 6 1061.00000000 967.00000000
708 6 1024.00000000 974.50000000
720 6 966.50000000 978.00000000
732 6 937.00000000 971.00000000
744 6 900.00000000 971.00000000
756 6 858.50000000 976.50000000
768 6 828.00000000 967.00000000
780 6 819.00000000 965.00000000
792 6 815.00000000 965.00000000
804 6 812.00000000 965.00000000
816 6 802.50000000 963.50000000
828 6 791.50000000 963.50000000
840 6 779.50000000 963.50000000
852 6 766.50000000 959.50000000
864 6 755.50000000 959.50000000
876 6 743.50000000 959.50000000
888 6 730.50000000 956.00000000
900 6 719.00000000 956.00000000
672 7 1152.00000000 895.50000000
684 7 1103.00000000 892.00000000
696 7 1035.50000000 895.50000000
708 7 986.00000000 895.50000000
720 7 938.50000000 892.00000000
732 7 905.50000000 895.50000000
744 7 873.00000000 899.00000000
756 7 833.00000000 903.00000000
768 7 794.00000000 903.00000000
780 7 782.00000000 903.00000000
792 7 777.00000000 903.00000000
804 7 771.00000000 903.00000000
816 7 759.00000000 903.00000000
828 7 744.50000000 903.00000000
840 7 728.00000000 903.00000000
852 7 713.00000000 903.00000000
864 7 698.50000000 903.00000000
876 7 688.50000000 899.00000000
888 7 677.00000000 899.00000000
900 7 665.50000000 895.50000000
672 29 998.00000000 941.50000000
684 29 963.00000000 941.50000000
696 29 909.00000000 937.50000000
708 29 856.00000000 934.00000000
720 29 812.00000000 937.50000000
732 29 769.00000000 930.50000000
744 29 736.00000000 930.50000000
756 29 703.00000000 937.50000000
768 29 682.00000000 934.00000000
780 29 675.50000000 948.50000000
792 29 664.00000000 937.50000000
804 29 655.50000000 963.50000000
816 29 644.00000000 959.50000000
828 29 628.00000000 952.50000000
840 29 611.00000000 948.50000000
852 29 596.50000000 945.00000000
864 29 585.00000000 948.50000000
876 29 573.50000000 956.00000000
888 29 562.00000000 963.50000000
900 29 554.00000000 963.50000000
672 74 1080.50000000 818.50000000
684 74 1046.50000000 818.50000000
696 74 1013.50000000 818.50000000
708 74 980.50000000 818.50000000
720 74 946.00000000 818.50000000
732 74 913.00000000 818.50000000
744 74 888.50000000 818.50000000
756 74 881.50000000 818.50000000
768 74 873.50000000 818.50000000
780 74 867.00000000 818.50000000
792 74 860.50000000 818.50000000
804 74 852.00000000 814.50000000
816 74 845.50000000 814.50000000
828 74 839.00000000 814.50000000
840 74 830.50000000 814.50000000
852 74 824.50000000 811.50000000
864 74 816.00000000 811.50000000
876 74 809.50000000 811.50000000
888 74 802.50000000 811.50000000
900 74 798.00000000 811.50000000
684 10 449.50000000 950.50000000
696 10 449.50000000 957.50000000
708 10 449.50000000 961.50000000
720 10 442.50000000 965.50000000
732 10 434.50000000 965.50000000
744 10 426.50000000 965.50000000
756 10 418.00000000 968.50000000
768 10 421.50000000 968.50000000
780 10 426.50000000 972.50000000
792 10 431.00000000 972.50000000
804 10 446.00000000 990.50000000
816 10 456.00000000 994.50000000
828 10 459.00000000 983.50000000
840 10 460.50000000 972.50000000
852 10 462.50000000 961.50000000
864 10 464.00000000 950.50000000
876 10 477.50000000 946.50000000
888 10 482.00000000 950.50000000
900 10 487.00000000 965.50000000
912 10 495.50000000 961.50000000
684 17 482.00000000 974.50000000
696 17 480.50000000 978.00000000
708 17 477.00000000 978.00000000
720 17 469.00000000 981.50000000
732 17 457.50000000 981.50000000
744 17 446.00000000 981.50000000
756 17 434.00000000 981.50000000
768 17 441.00000000 981.50000000
780 17 448.00000000 981.50000000
792 17 456.00000000 981.50000000
804 17 462.00000000 981.50000000
816 17 467.00000000 981.50000000
828 17 474.00000000 978.00000000
840 17 479.00000000 978.00000000
852 17 485.00000000 974.50000000
864 17 490.00000000 974.50000000
876 17 497.00000000 970.50000000
888 17 504.00000000 970.50000000
900 17 510.00000000 963.50000000
912 17 518.00000000 959.50000000
684 40 453.00000000 983.50000000
696 40 451.00000000 991.00000000
708 40 451.00000000 994.50000000
720 40 444.00000000 998.00000000
732 40 436.00000000 998.00000000
744 40 428.00000000 998.00000000
756 40 421.00000000 1002.00000000
768 40 425.00000000 1005.50000000
780 40 428.00000000 1009.00000000
792 40 431.00000000 1013.00000000
804 40 444.00000000 1013.00000000
816 40 456.00000000 1009.00000000
828 40 461.50000000 1005.50000000
840 40 468.50000000 1002.00000000
852 40 474.50000000 998.00000000
864 40 480.50000000 996.00000000
876 40 475.00000000 994.50000000
888 40 487.00000000 987.00000000
900 40 485.00000000 998.00000000
912 40 494.00000000 991.00000000
684 43 483.50000000 1016.50000000
696 43 480.50000000 1016.50000000
708 43 475.50000000 1016.50000000
720 43 469.00000000 1013.00000000
732 43 459.00000000 1013.00000000
744 43 449.50000000 1009.00000000
756 43 440.00000000 1009.00000000
768 43 443.50000000 1009.00000000
780 43 448.50000000 1013.00000000
792 43 452.50000000 1013.00000000
804 43 459.00000000 1013.00000000
816 43 465.50000000 1009.00000000
828 43 472.50000000 1009.00000000
840 43 479.00000000 1005.50000000
852 43 485.50000000 1002.00000000
864 43 492.00000000 998.00000000
876 43 498.50000000 998.00000000
888 43 507.00000000 1009.00000000
900 43 513.50000000 1002.00000000
912 43 521.50000000 998.00000000
696 24 237.00000000 1623.00000000
708 24 217.00000000 1601.00000000
720 24 198.00000000 1579.00000000
732 24 176.00000000 1557.00000000
744 24 156.50000000 1535.00000000
756 24 142.00000000 1520.50000000
768 24 138.50000000 1520.50000000
780 24 133.50000000 1516.50000000
792 24 122.00000000 1498.50000000
804 24 112.00000000 1480.00000000
816 24 112.00000000 1476.50000000
828 24 114.00000000 1472.50000000
840 24 114.00000000 1469.00000000
852 24 115.50000000 1465.50000000
864 24 115.50000000 1461.50000000
876 24 117.00000000 1458.00000000
888 24 119.00000000 1458.00000000
900 24 112.00000000 1447.00000000
912 24 107.00000000 1439.50000000
924 24 101.00000000 1432.50000000
696 70 767.50000000 857.00000000
708 70 757.50000000 857.00000000
720 70 746.00000000 857.00000000
732 70 733.00000000 857.00000000
744 70 723.00000000 857.00000000
756 70 718.00000000 857.00000000
768 70 713.00000000 857.00000000
780 70 709.00000000 857.00000000
792 70 709.00000000 857.00000000
804 70 710.50000000 857.00000000
816 70 714.00000000 857.00000000
828 70 717.50000000 857.00000000
840 70 720.50000000 857.00000000
852 70 722.50000000 857.00000000
864 70 725.50000000 857.00000000
876 70 728.50000000 857.00000000
888 70 732.00000000 857.00000000
900 70 737.00000000 857.00000000
912 70 743.50000000 857.00000000
924 70 750.50000000 857.00000000
768 0 951.50000000 936.00000000
780 0 941.00000000 939.50000000
792 0 936.00000000 947.00000000
804 0 929.50000000 954.00000000
816 0 914.50000000 958.00000000
828 0 871.50000000 950.50000000
840 0 857.50000000 954.00000000
852 0 862.00000000 965.00000000
864 0 867.00000000 972.50000000
876 0 863.50000000 980.00000000
888 0 853.50000000 987.00000000
900 0 847.50000000 991.00000000
912 0 847.50000000 991.00000000
924 0 847.50000000 991.00000000
936 0 842.50000000 1002.00000000
948 0 839.00000000 1016.50000000
960 0 834.50000000 1027.50000000
972 0 824.50000000 1035.00000000
984 0 816.00000000 1042.00000000
996 0 829.50000000 1053.00000000
780 21 25.00000000 695.50000000
792 21 25.00000000 664.50000000
804 21 26.50000000 653.50000000
816 21 28.50000000 642.50000000
828 21 29.50000000 627.50000000
840 21 31.50000000 617.00000000
852 21 34.50000000 602.50000000
864 21 36.50000000 591.50000000
876 21 38.50000000 576.50000000
888 21 38.50000000 565.50000000
900 21 38.50000000 554.50000000
912 21 36.50000000 543.50000000
924 21 36.50000000 529.50000000
936 21 36.50000000 510.50000000
948 21 36.50000000 496.50000000
960 21 38.50000000 477.50000000
972 21 38.50000000 459.50000000
984 21 38.50000000 444.50000000
996 21 38.50000000 426.50000000
1008 21 39.00000000 410.00000000
792 4 786.00000000 1011.00000000
804 4 800.00000000 1015.00000000
816 4 803.00000000 1015.00000000
828 4 801.00000000 1011.00000000
840 4 800.00000000 1004.00000000
852 4 798.00000000 1000.00000000
864 4 798.00000000 996.00000000
876 4 801.00000000 989.00000000
888 4 803.50000000 983.50000000
900 4 807.00000000 978.00000000
912 4 810.00000000 972.50000000
924 4 812.50000000 965.00000000
936 4 816.00000000 961.50000000
948 4 820.00000000 961.50000000
960 4 825.00000000 961.50000000
972 4 829.00000000 961.50000000
984 4 836.50000000 963.50000000
996 4 851.00000000 965.50000000
1008 4 870.50000000 967.00000000
1020 4 919.50000000 978.00000000
792 14 704.50000000 881.00000000
804 14 699.50000000 873.50000000
816 14 692.50000000 870.00000000
828 14 686.00000000 866.00000000
840 14 681.50000000 862.50000000
852 14 674.50000000 855.00000000
864 14 664.50000000 848.00000000
876 14 651.50000000 848.00000000
888 14 645.00000000 851.50000000
900 14 631.50000000 848.00000000
912 14 613.50000000 844.00000000
924 14 605.50000000 844.00000000
936 14 603.50000000 848.00000000
948 14 602.50000000 848.00000000
960 14 600.50000000 851.50000000
972 14 600.50000000 855.00000000
984 14 599.00000000 859.00000000
996 14 597.50000000 859.00000000
1008 14 605.50000000 864.50000000
1020 14 617.00000000 871.50000000
792 28 74.00000000 393.50000000
804 28 71.00000000 382.50000000
816 28 66.00000000 368.00000000
828 28 63.00000000 357.00000000
840 28 58.00000000 346.00000000
852 28 55.00000000 335.00000000
864 28 50.00000000 324.00000000
876 28 46.00000000 313.00000000
888 28 43.00000000 302.00000000
900 28 43.00000000 283.50000000
912 28 43.00000000 269.00000000
924 28 43.00000000 254.00000000
936 28 43.00000000 239.50000000
948 28 43.00000000 225.00000000
960 28 43.00000000 210.00000000
972 28 43.00000000 195.50000000
984 28 43.00000000 181.00000000
996 28 43.00000000 166.00000000
1008 28 40.50000000 142.50000000
1020 28 39.50000000 117.00000000
792 33 594.00000000 897.50000000
804 33 587.50000000 893.50000000
816 33 580.50000000 893.50000000
828 33 572.50000000 890.00000000
840 33 566.00000000 890.00000000
852 33 559.50000000 886.50000000
864 33 552.50000000 886.50000000
876 33 546.50000000 882.50000000
888 33 538.00000000 882.50000000
900 33 534.50000000 882.50000000
912 33 531.50000000 882.50000000
924 33 528.50000000 882.50000000
936 33 526.50000000 882.50000000
948 33 523.50000000 882.50000000
960 33 521.50000000 882.50000000
972 33 518.50000000 882.50000000
984 33 516.50000000 882.50000000
996 33 513.50000000 882.50000000
1008 33 513.50000000 884.50000000
1020 33 515.00000000 890.00000000
792 37 581.50000000 945.00000000
804 37 573.50000000 941.50000000
816 37 567.00000000 937.50000000
828 37 558.50000000 937.50000000
840 37 552.00000000 934.00000000
852 37 544.00000000 934.00000000
864 37 537.00000000 930.50000000
876 37 529.00000000 926.50000000
888 37 521.00000000 926.50000000
900 37 517.50000000 926.50000000
912 37 516.00000000 926.50000000
924 37 514.00000000 926.50000000
936 37 514.00000000 926.50000000
948 37 512.50000000 926.50000000
960 37 511.00000000 926.50000000
972 37 509.00000000 926.50000000
984 37 509.00000000 926.50000000
996 37 507.50000000 926.50000000
1008 37 510.00000000 921.00000000
1020 37 515.00000000 917.50000000
792 47 393.50000000 946.50000000
804 47 385.00000000 946.50000000
816 47 373.50000000 943.50000000
828 47 359.00000000 943.50000000
840 47 347.50000000 943.50000000
852 47 339.00000000 943.50000000
864 47 331.00000000 935.50000000
876 47 315.50000000 934.00000000
888 47 313.00000000 934.00000000
900 47 304.50000000 950.50000000
912 47 298.00000000 950.50000000
924 47 289.50000000 946.50000000
936 47 283.00000000 946.50000000
948 47 276.50000000 946.50000000
960 47 266.50000000 946.50000000
972 47 255.00000000 946.50000000
984 47 245.50000000 943.50000000
996 47 237.00000000 935.50000000
1008 47 229.00000000 934.00000000
1020 47 224.00000000 934.00000000
792 51 387.50000000 981.50000000
804 51 381.00000000 981.50000000
816 51 371.00000000 978.00000000
828 51 358.00000000 978.00000000
840 51 348.00000000 978.00000000
852 51 344.00000000 981.50000000
864 51 323.00000000 981.50000000
876 51 317.50000000 972.50000000
888 51 311.00000000 961.50000000
900 51 301.50000000 961.50000000
912 51 293.00000000 969.00000000
924 51 284.50000000 976.00000000
936 51 278.50000000 976.00000000
948 51 270.00000000 978.00000000
960 51 266.50000000 978.00000000
972 51 257.00000000 981.50000000
984 51 245.50000000 978.00000000
996 51 237.00000000 978.00000000
1008 51 230.00000000 974.50000000
1020 51 225.00000000 976.50000000
